0,8,218.58,184.10,17.79,48.34,0.65,-1,-1,-1
1,8,217.91,182.91,19.82,53.96,0.77,-1,-1,-1
2,8,218.40,182.71,20.42,55.81,0.77,-1,-1,-1
3,8,218.79,182.68,20.56,56.39,0.77,-1,-1,-1
4,8,216.40,176.97,22.41,62.26,0.68,-1,-1,-1
5,8,219.33,181.29,21.42,59.25,0.71,-1,-1,-1
6,8,223.86,185.41,20.69,55.35,0.62,-1,-1,-1
7,8,223.81,186.38,21.21,55.27,0.71,-1,-1,-1
11,8,219.09,188.30,19.76,48.59,0.81,-1,-1,-1
12,8,217.14,188.42,19.66,45.66,0.88,-1,-1,-1
14,8,212.18,189.38,21.50,48.74,0.52,-1,-1,-1
15,8,210.95,189.46,22.34,49.62,0.56,-1,-1,-1
16,8,207.71,190.01,22.86,51.23,0.33,-1,-1,-1
18,8,204.49,191.18,23.62,52.70,0.76,-1,-1,-1
19,8,202.38,191.78,24.63,55.04,0.77,-1,-1,-1
22,8,195.92,194.34,25.44,57.48,0.56,-1,-1,-1
23,8,194.07,195.62,25.43,56.66,0.78,-1,-1,-1
24,8,192.46,196.86,26.00,56.05,0.87,-1,-1,-1
25,8,189.99,197.72,26.90,55.63,0.84,-1,-1,-1
26,8,185.71,197.63,27.63,55.45,0.85,-1,-1,-1
27,8,183.96,197.59,28.30,55.35,0.85,-1,-1,-1
28,8,180.63,197.48,29.13,56.36,0.86,-1,-1,-1
32,8,164.96,198.70,29.80,59.64,0.82,-1,-1,-1
33,8,163.74,198.75,29.13,60.06,0.82,-1,-1,-1
34,8,158.62,198.94,29.57,62.47,0.76,-1,-1,-1
35,8,158.30,198.95,28.86,61.07,0.85,-1,-1,-1
36,8,155.94,198.68,28.92,60.05,0.86,-1,-1,-1
37,8,154.06,198.52,29.20,58.74,0.83,-1,-1,-1
38,8,147.14,199.31,30.82,61.53,0.90,-1,-1,-1
39,8,144.59,199.60,31.54,62.55,0.90,-1,-1,-1
40,8,141.97,200.07,30.95,62.62,0.88,-1,-1,-1
41,8,139.18,200.57,29.49,61.59,0.87,-1,-1,-1
42,8,135.24,200.27,29.09,63.02,0.90,-1,-1,-1
43,8,132.19,199.30,28.99,64.50,0.91,-1,-1,-1
44,8,127.22,196.81,29.33,66.18,0.88,-1,-1,-1
45,8,125.52,195.79,29.25,66.86,0.88,-1,-1,-1
46,8,122.29,194.46,29.40,67.17,0.90,-1,-1,-1
47,8,120.27,191.22,29.06,66.85,0.92,-1,-1,-1
48,8,117.90,186.99,29.15,67.64,0.91,-1,-1,-1
49,8,115.49,183.94,29.30,68.88,0.91,-1,-1,-1
50,8,110.48,179.03,30.94,74.45,0.92,-1,-1,-1
51,8,108.84,177.19,31.12,76.52,0.92,-1,-1,-1
52,8,106.98,175.79,31.10,77.87,0.92,-1,-1,-1
53,8,105.41,176.98,30.16,76.15,0.92,-1,-1,-1
54,8,105.24,178.00,29.08,74.09,0.92,-1,-1,-1
55,8,105.76,179.18,26.52,66.93,0.93,-1,-1,-1
56,8,105.96,179.11,24.89,62.15,0.94,-1,-1,-1
57,8,106.03,179.13,24.47,60.51,0.94,-1,-1,-1
58,8,105.46,178.78,24.32,60.00,0.94,-1,-1,-1
59,8,105.08,178.25,24.31,60.37,0.94,-1,-1,-1
60,8,104.64,177.39,24.42,61.30,0.94,-1,-1,-1
61,8,103.78,174.43,24.95,64.00,0.93,-1,-1,-1
62,8,103.14,172.01,25.20,66.04,0.93,-1,-1,-1
63,8,103.09,171.12,25.00,66.86,0.93,-1,-1,-1
64,8,103.23,169.70,24.12,65.59,0.93,-1,-1,-1
65,8,103.59,168.49,23.07,63.49,0.92,-1,-1,-1
66,8,103.72,167.38,22.23,61.53,0.91,-1,-1,-1
67,8,103.09,165.91,21.76,59.39,0.93,-1,-1,-1
68,8,101.66,164.06,21.64,57.19,0.94,-1,-1,-1
69,8,100.99,163.43,21.96,56.41,0.94,-1,-1,-1
70,8,100.41,162.89,22.44,55.50,0.95,-1,-1,-1
71,8,100.70,162.16,22.55,53.37,0.96,-1,-1,-1
72,8,101.37,161.72,22.61,50.86,0.95,-1,-1,-1
73,8,102.17,161.35,22.77,48.88,0.94,-1,-1,-1
74,8,103.87,160.75,22.91,47.79,0.95,-1,-1,-1
75,8,104.28,160.56,23.32,47.46,0.95,-1,-1,-1
76,8,105.15,160.86,23.42,46.93,0.94,-1,-1,-1
77,8,105.62,161.35,23.44,46.49,0.93,-1,-1,-1
78,8,105.76,162.46,23.30,45.81,0.93,-1,-1,-1
79,8,105.63,162.73,23.31,45.59,0.94,-1,-1,-1
80,8,105.19,161.36,23.88,46.92,0.94,-1,-1,-1
81,8,105.06,160.86,24.04,47.43,0.94,-1,-1,-1
82,8,105.57,160.02,24.26,47.95,0.93,-1,-1,-1
83,8,105.51,152.34,27.32,55.11,0.92,-1,-1,-1
84,8,108.52,154.76,25.55,52.30,0.92,-1,-1,-1
85,8,111.72,155.06,24.59,51.66,0.93,-1,-1,-1
86,8,115.10,154.26,24.28,52.61,0.92,-1,-1,-1
87,8,116.53,154.00,23.78,53.01,0.92,-1,-1,-1
88,8,118.10,153.89,23.22,53.13,0.93,-1,-1,-1
89,8,119.65,154.05,22.69,53.01,0.93,-1,-1,-1
90,8,121.87,154.27,22.41,52.86,0.94,-1,-1,-1
91,8,124.06,154.74,22.43,52.68,0.94,-1,-1,-1
92,8,127.05,155.76,22.78,51.80,0.95,-1,-1,-1
93,8,127.93,156.18,23.29,51.47,0.95,-1,-1,-1
94,8,128.78,156.35,24.20,51.69,0.95,-1,-1,-1
95,8,129.65,156.35,25.03,51.33,0.95,-1,-1,-1
96,8,130.03,156.07,26.12,51.56,0.95,-1,-1,-1
97,8,130.28,155.87,27.09,51.79,0.95,-1,-1,-1
98,8,133.04,155.26,27.90,52.49,0.94,-1,-1,-1
99,8,133.91,155.04,28.45,52.77,0.94,-1,-1,-1
100,8,135.87,154.26,29.27,53.72,0.95,-1,-1,-1
101,8,138.63,153.33,29.96,54.66,0.94,-1,-1,-1
102,8,141.69,152.47,30.47,55.65,0.94,-1,-1,-1
103,8,144.41,151.62,30.84,56.80,0.94,-1,-1,-1
104,8,146.35,150.91,32.12,59.70,0.95,-1,-1,-1
105,8,147.14,150.66,32.41,60.74,0.95,-1,-1,-1
106,8,148.07,150.88,32.64,61.78,0.95,-1,-1,-1
107,8,148.98,151.14,32.88,62.91,0.95,-1,-1,-1
108,8,150.20,152.05,32.42,62.89,0.94,-1,-1,-1
109,8,152.81,153.33,31.72,61.87,0.95,-1,-1,-1
110,8,156.87,155.85,31.18,60.32,0.95,-1,-1,-1
111,8,158.29,156.82,31.08,59.71,0.95,-1,-1,-1
112,8,159.83,158.70,31.07,59.03,0.95,-1,-1,-1
113,8,161.59,160.72,30.86,57.68,0.96,-1,-1,-1
114,8,162.61,162.38,30.68,56.38,0.96,-1,-1,-1
115,8,162.95,163.66,30.53,55.31,0.96,-1,-1,-1
116,8,163.66,165.06,29.95,53.91,0.95,-1,-1,-1
117,8,163.81,165.54,29.84,53.40,0.95,-1,-1,-1
118,8,163.62,165.83,29.89,53.21,0.95,-1,-1,-1
119,8,163.17,165.99,29.99,53.10,0.95,-1,-1,-1
120,8,162.71,166.01,30.11,53.04,0.95,-1,-1,-1
121,8,162.44,166.36,29.95,52.33,0.95,-1,-1,-1
122,8,162.49,166.28,29.96,51.50,0.94,-1,-1,-1
123,8,162.34,166.23,30.24,51.24,0.94,-1,-1,-1
124,8,162.10,165.76,30.57,51.08,0.94,-1,-1,-1
125,8,161.73,164.76,31.39,51.75,0.94,-1,-1,-1
126,8,161.60,163.60,32.25,52.76,0.92,-1,-1,-1
127,8,162.72,162.75,33.11,53.61,0.92,-1,-1,-1
128,8,165.06,161.18,34.27,55.14,0.89,-1,-1,-1
129,8,165.89,160.58,34.84,55.72,0.89,-1,-1,-1
130,8,168.20,160.16,35.27,56.12,0.91,-1,-1,-1
131,8,170.12,159.61,35.73,57.43,0.92,-1,-1,-1
132,8,172.20,159.37,34.68,56.64,0.92,-1,-1,-1
133,8,173.37,159.15,34.74,58.63,0.90,-1,-1,-1
136,8,178.55,161.55,31.92,56.29,0.64,-1,-1,-1
137,8,180.51,163.28,30.05,54.16,0.67,-1,-1,-1
138,8,182.58,164.96,29.72,53.53,0.86,-1,-1,-1
139,8,183.10,165.68,30.87,54.92,0.89,-1,-1,-1
140,8,188.42,164.86,30.50,54.96,0.65,-1,-1,-1
141,8,190.24,164.49,30.23,54.98,0.65,-1,-1,-1
142,8,186.13,156.48,35.76,65.39,0.49,-1,-1,-1
143,8,186.55,160.33,34.07,62.13,0.77,-1,-1,-1
144,8,188.38,157.47,36.11,65.41,0.89,-1,-1,-1
145,8,191.13,153.81,37.90,68.94,0.91,-1,-1,-1
146,8,197.93,150.27,39.62,73.97,0.75,-1,-1,-1
147,8,200.97,148.90,39.56,75.67,0.75,-1,-1,-1
148,8,203.75,148.66,39.08,76.04,0.90,-1,-1,-1
149,8,206.82,148.58,38.96,76.23,0.88,-1,-1,-1
150,8,208.05,148.28,39.21,75.95,0.88,-1,-1,-1
151,8,209.70,147.65,40.45,77.17,0.89,-1,-1,-1
152,8,217.32,147.09,40.67,77.40,0.83,-1,-1,-1
153,8,220.52,146.93,40.69,77.40,0.83,-1,-1,-1
154,8,226.92,146.82,39.87,77.05,0.87,-1,-1,-1
155,8,231.78,148.29,40.22,79.84,0.92,-1,-1,-1
156,8,234.87,150.99,38.62,78.06,0.89,-1,-1,-1
157,8,238.24,153.11,36.23,74.80,0.87,-1,-1,-1
158,8,245.78,155.43,31.08,63.62,0.84,-1,-1,-1
159,8,248.33,156.30,29.22,59.36,0.85,-1,-1,-1
160,8,251.15,156.54,29.15,58.44,0.89,-1,-1,-1
161,8,252.29,156.88,29.75,59.74,0.89,-1,-1,-1
162,8,252.67,156.90,30.47,61.00,0.85,-1,-1,-1
163,8,255.76,157.34,31.71,64.33,0.92,-1,-1,-1
164,8,263.62,157.86,30.19,62.17,0.90,-1,-1,-1
165,8,266.81,158.05,29.41,61.29,0.90,-1,-1,-1
166,8,269.29,158.51,28.73,60.61,0.90,-1,-1,-1
167,8,272.29,158.83,28.73,60.39,0.89,-1,-1,-1
168,8,274.40,159.44,28.75,59.71,0.89,-1,-1,-1
169,8,276.67,158.19,29.54,60.98,0.88,-1,-1,-1
170,8,279.09,162.20,27.71,56.59,0.85,-1,-1,-1
171,8,279.83,163.81,27.11,54.83,0.85,-1,-1,-1
172,8,278.73,163.95,26.92,54.35,0.85,-1,-1,-1
173,8,279.37,162.79,26.87,55.14,0.84,-1,-1,-1
174,8,279.58,162.51,26.61,55.69,0.85,-1,-1,-1
175,8,279.67,161.97,26.39,55.90,0.85,-1,-1,-1
176,8,280.11,161.47,26.22,55.80,0.86,-1,-1,-1
177,8,280.32,161.28,26.04,55.62,0.86,-1,-1,-1
178,8,279.07,160.60,26.74,57.10,0.87,-1,-1,-1
179,8,277.07,160.14,27.48,58.59,0.88,-1,-1,-1
180,8,276.49,160.65,27.26,57.95,0.85,-1,-1,-1
181,8,275.78,159.24,27.82,58.74,0.84,-1,-1,-1
182,8,274.81,158.18,28.22,59.15,0.85,-1,-1,-1
183,8,274.42,157.78,28.43,59.20,0.85,-1,-1,-1
184,8,273.12,155.95,29.01,60.64,0.87,-1,-1,-1
185,8,272.21,154.86,29.42,61.80,0.86,-1,-1,-1
186,8,270.75,153.26,29.76,63.44,0.85,-1,-1,-1
187,8,268.74,152.55,29.90,64.98,0.86,-1,-1,-1
188,8,265.87,152.65,29.02,64.90,0.81,-1,-1,-1
189,8,265.06,152.81,28.08,64.35,0.81,-1,-1,-1
190,8,262.34,154.03,27.59,64.80,0.82,-1,-1,-1
191,8,262.00,156.48,26.62,63.56,0.83,-1,-1,-1
192,8,259.98,152.97,27.82,68.18,0.89,-1,-1,-1
193,8,258.38,152.33,28.24,70.17,0.91,-1,-1,-1
194,8,256.94,153.10,28.28,70.53,0.91,-1,-1,-1
195,8,256.46,153.41,28.24,70.64,0.91,-1,-1,-1
196,8,256.22,155.94,27.94,70.28,0.91,-1,-1,-1
197,8,256.11,158.06,27.79,70.01,0.91,-1,-1,-1
198,8,255.82,159.24,27.83,70.56,0.90,-1,-1,-1
199,8,255.06,160.50,27.55,70.70,0.91,-1,-1,-1
200,8,255.04,161.34,27.32,71.21,0.88,-1,-1,-1
201,8,255.21,161.67,26.98,71.36,0.89,-1,-1,-1
202,8,254.49,163.08,26.58,72.06,0.86,-1,-1,-1
203,8,253.76,164.01,26.30,73.13,0.90,-1,-1,-1
204,8,253.11,165.11,25.85,73.68,0.89,-1,-1,-1
205,8,252.96,166.24,25.57,74.15,0.88,-1,-1,-1
206,8,252.85,167.53,25.33,74.24,0.88,-1,-1,-1
207,8,252.90,168.00,25.09,74.25,0.88,-1,-1,-1
208,8,253.55,169.74,24.90,74.26,0.89,-1,-1,-1
209,8,253.88,171.04,24.77,74.14,0.90,-1,-1,-1
210,8,254.32,171.87,24.70,74.12,0.91,-1,-1,-1
211,8,254.60,172.53,24.55,73.97,0.89,-1,-1,-1
212,8,254.94,172.82,24.33,73.57,0.89,-1,-1,-1
213,8,255.12,172.89,24.18,73.37,0.89,-1,-1,-1
214,8,255.10,173.34,24.00,73.26,0.88,-1,-1,-1
215,8,255.47,173.71,23.83,73.34,0.90,-1,-1,-1
216,8,255.73,173.87,24.04,74.55,0.88,-1,-1,-1
217,8,256.11,173.80,23.85,74.51,0.84,-1,-1,-1
218,8,257.51,164.66,27.27,84.53,0.83,-1,-1,-1
219,8,257.94,161.32,28.74,88.50,0.82,-1,-1,-1
220,8,257.11,169.40,25.79,79.79,0.90,-1,-1,-1
221,8,256.63,172.83,24.52,76.46,0.89,-1,-1,-1
222,8,256.50,174.11,23.77,74.63,0.90,-1,-1,-1
223,8,256.41,174.47,23.28,73.73,0.91,-1,-1,-1
224,8,256.50,173.84,23.10,73.82,0.91,-1,-1,-1
225,8,256.58,173.56,22.99,74.03,0.92,-1,-1,-1
226,8,256.51,173.08,22.88,74.32,0.92,-1,-1,-1
227,8,256.88,172.61,22.52,73.80,0.92,-1,-1,-1
228,8,257.16,172.07,22.35,73.87,0.92,-1,-1,-1
229,8,257.49,171.73,21.98,73.45,0.92,-1,-1,-1
230,8,258.44,171.57,21.69,73.09,0.92,-1,-1,-1
231,8,258.83,171.51,21.49,72.99,0.92,-1,-1,-1
232,8,259.45,171.80,21.33,72.67,0.92,-1,-1,-1
233,8,259.92,171.98,21.22,72.64,0.91,-1,-1,-1
234,8,260.23,172.12,21.23,72.77,0.91,-1,-1,-1
235,8,260.43,172.35,21.10,72.63,0.90,-1,-1,-1
236,8,261.37,172.21,21.00,72.38,0.91,-1,-1,-1
237,8,261.70,172.15,20.96,72.35,0.91,-1,-1,-1
238,8,261.39,172.01,20.75,72.38,0.91,-1,-1,-1
239,8,260.90,171.79,20.78,73.65,0.90,-1,-1,-1
240,8,260.85,171.45,20.62,74.09,0.90,-1,-1,-1
241,8,260.71,170.90,20.63,74.92,0.91,-1,-1,-1
242,8,260.46,170.21,20.64,75.66,0.92,-1,-1,-1
243,8,260.41,169.94,20.53,75.94,0.92,-1,-1,-1
244,8,260.36,169.98,20.37,75.98,0.93,-1,-1,-1
245,8,260.40,169.97,20.20,75.69,0.94,-1,-1,-1
246,8,260.37,170.12,20.16,75.58,0.94,-1,-1,-1
247,8,260.16,170.45,20.16,75.21,0.94,-1,-1,-1
248,8,258.37,171.27,20.67,74.25,0.93,-1,-1,-1
249,8,257.49,171.58,21.26,73.89,0.93,-1,-1,-1
250,8,257.78,172.43,21.49,72.72,0.94,-1,-1,-1
251,8,257.81,172.54,22.00,72.41,0.91,-1,-1,-1
252,8,256.90,173.67,22.47,71.28,0.92,-1,-1,-1
253,8,256.26,174.26,23.01,70.63,0.92,-1,-1,-1
254,8,254.24,174.49,23.74,70.14,0.91,-1,-1,-1
255,8,253.29,174.52,24.49,70.01,0.91,-1,-1,-1
256,8,251.66,173.74,25.35,70.66,0.90,-1,-1,-1
257,8,248.95,173.14,26.25,71.09,0.90,-1,-1,-1
258,8,246.61,171.39,27.33,72.71,0.88,-1,-1,-1
259,8,244.57,170.05,27.90,73.84,0.90,-1,-1,-1
260,8,241.72,169.02,28.29,74.82,0.89,-1,-1,-1
261,8,240.67,168.69,28.43,75.14,0.89,-1,-1,-1
262,8,238.89,167.81,28.40,75.82,0.86,-1,-1,-1
263,8,236.38,166.61,28.33,77.17,0.84,-1,-1,-1
264,8,234.09,166.89,28.11,77.63,0.89,-1,-1,-1
265,8,233.17,168.58,27.16,76.26,0.90,-1,-1,-1
266,8,232.26,170.09,26.79,75.80,0.91,-1,-1,-1
267,8,232.06,170.60,26.62,75.76,0.91,-1,-1,-1
268,8,231.19,173.80,26.48,74.43,0.92,-1,-1,-1
269,8,229.82,175.99,26.96,73.98,0.93,-1,-1,-1
270,8,228.29,177.91,27.27,72.52,0.94,-1,-1,-1
271,8,226.94,179.20,28.00,72.31,0.94,-1,-1,-1
272,8,225.60,179.88,28.69,71.83,0.93,-1,-1,-1
273,8,224.94,180.10,29.38,71.57,0.93,-1,-1,-1
274,8,221.55,180.96,29.73,70.78,0.92,-1,-1,-1
275,8,218.23,181.26,30.27,70.80,0.95,-1,-1,-1
276,8,216.17,181.02,30.90,70.99,0.91,-1,-1,-1
277,8,212.02,180.00,31.20,72.43,0.91,-1,-1,-1
278,8,209.21,178.88,31.22,73.39,0.91,-1,-1,-1
279,8,208.28,178.42,31.04,73.78,0.91,-1,-1,-1
280,8,205.94,175.48,31.55,75.03,0.92,-1,-1,-1
281,8,204.11,173.53,32.15,76.17,0.93,-1,-1,-1
282,8,202.05,172.00,33.10,78.00,0.91,-1,-1,-1
283,8,199.48,171.01,34.31,79.86,0.92,-1,-1,-1
284,8,195.50,170.76,35.83,81.21,0.91,-1,-1,-1
285,8,193.88,170.68,36.88,81.75,0.91,-1,-1,-1
286,8,191.60,171.65,36.83,80.96,0.92,-1,-1,-1
287,8,188.63,172.65,36.34,79.44,0.93,-1,-1,-1
288,8,186.27,173.37,35.54,78.05,0.93,-1,-1,-1
289,8,183.57,173.63,34.74,77.20,0.94,-1,-1,-1
290,8,180.86,173.26,34.07,76.69,0.94,-1,-1,-1
291,8,180.07,173.13,33.58,76.49,0.94,-1,-1,-1
292,8,176.25,171.89,34.55,77.78,0.93,-1,-1,-1
293,8,174.24,170.96,35.84,80.16,0.94,-1,-1,-1
294,8,172.43,170.21,36.80,81.87,0.96,-1,-1,-1
295,8,170.33,169.77,37.67,83.42,0.95,-1,-1,-1
296,8,168.37,170.20,37.90,83.43,0.95,-1,-1,-1
297,8,167.63,170.39,38.10,83.43,0.95,-1,-1,-1
298,8,164.27,171.69,37.33,81.85,0.95,-1,-1,-1
299,8,160.64,172.44,36.46,80.27,0.95,-1,-1,-1
300,8,156.64,172.74,35.64,79.01,0.94,-1,-1,-1
301,8,153.34,172.26,35.17,78.40,0.94,-1,-1,-1
302,8,151.69,171.04,35.48,78.88,0.94,-1,-1,-1
303,8,151.14,170.59,35.64,79.05,0.94,-1,-1,-1
304,8,148.75,168.27,37.00,80.71,0.94,-1,-1,-1
305,8,147.60,166.99,38.27,82.38,0.94,-1,-1,-1
306,8,146.37,166.61,39.54,83.92,0.95,-1,-1,-1
307,8,144.75,166.87,40.68,85.04,0.96,-1,-1,-1
308,8,143.56,167.36,41.34,85.75,0.96,-1,-1,-1
309,8,143.09,167.55,41.77,86.02,0.96,-1,-1,-1
310,8,140.39,168.71,40.97,84.58,0.96,-1,-1,-1
311,8,137.47,169.34,39.96,83.28,0.96,-1,-1,-1
312,8,134.22,169.30,39.02,82.52,0.95,-1,-1,-1
313,8,131.46,168.75,38.39,82.30,0.95,-1,-1,-1
314,8,130.49,167.85,38.44,82.83,0.94,-1,-1,-1
315,8,130.26,167.52,38.35,83.03,0.94,-1,-1,-1
316,8,129.71,166.88,39.52,85.54,0.96,-1,-1,-1
317,8,129.18,166.75,40.16,86.43,0.96,-1,-1,-1
386,8,126.82,160.87,35.76,79.64,0.91,-1,-1,-1
387,8,126.29,158.59,33.48,77.02,0.91,-1,-1,-1
388,8,129.44,157.81,31.79,75.38,0.91,-1,-1,-1
389,8,137.02,157.45,30.50,73.83,0.90,-1,-1,-1
390,8,143.12,157.56,29.47,72.13,0.88,-1,-1,-1
391,8,147.99,158.16,28.97,71.40,0.90,-1,-1,-1
392,8,152.42,158.58,28.65,71.21,0.91,-1,-1,-1
393,8,154.07,158.76,28.44,71.21,0.91,-1,-1,-1
394,8,157.57,159.00,28.16,71.38,0.90,-1,-1,-1
395,8,164.03,160.30,27.43,70.34,0.91,-1,-1,-1
396,8,167.98,161.02,27.08,69.24,0.91,-1,-1,-1
397,8,172.80,162.04,26.49,67.88,0.91,-1,-1,-1
398,8,176.42,163.02,26.08,66.28,0.91,-1,-1,-1
399,8,177.55,163.39,26.06,65.70,0.91,-1,-1,-1
400,8,181.42,164.25,25.57,64.66,0.92,-1,-1,-1
401,8,187.27,165.47,24.90,62.80,0.93,-1,-1,-1
402,8,190.96,166.53,25.16,63.38,0.92,-1,-1,-1
403,8,194.18,167.29,25.39,64.01,0.93,-1,-1,-1
404,8,196.91,167.74,25.83,65.45,0.93,-1,-1,-1
405,8,197.87,167.93,25.90,65.94,0.93,-1,-1,-1
406,8,199.85,168.69,26.08,66.80,0.93,-1,-1,-1
407,8,204.57,169.13,26.04,66.82,0.93,-1,-1,-1
408,8,207.52,169.35,26.72,68.69,0.93,-1,-1,-1
409,8,209.94,169.36,27.06,69.94,0.93,-1,-1,-1
410,8,212.41,168.84,27.25,70.82,0.93,-1,-1,-1
411,8,213.28,168.61,27.25,71.17,0.93,-1,-1,-1
412,8,214.89,168.19,27.31,71.56,0.93,-1,-1,-1
413,8,218.41,167.32,27.25,72.17,0.92,-1,-1,-1
414,8,221.00,166.68,27.00,72.54,0.92,-1,-1,-1
415,8,223.52,166.20,26.51,72.46,0.92,-1,-1,-1
416,8,226.24,165.93,26.00,72.35,0.91,-1,-1,-1
417,8,227.29,165.83,25.51,72.23,0.91,-1,-1,-1
418,8,229.30,165.68,24.98,72.00,0.92,-1,-1,-1
419,8,233.53,166.04,24.30,71.14,0.92,-1,-1,-1
420,8,236.59,166.72,24.19,71.94,0.92,-1,-1,-1
421,8,239.26,167.77,24.05,72.76,0.92,-1,-1,-1
422,8,241.67,169.09,23.81,73.11,0.93,-1,-1,-1
423,8,242.58,169.59,23.53,73.25,0.93,-1,-1,-1
424,8,244.38,170.83,23.09,72.61,0.93,-1,-1,-1
425,8,248.07,173.66,22.62,71.49,0.93,-1,-1,-1
426,8,250.80,175.94,22.52,71.20,0.92,-1,-1,-1
427,8,253.04,178.16,22.07,69.58,0.94,-1,-1,-1
428,8,255.11,180.14,21.75,68.01,0.93,-1,-1,-1
429,8,255.73,180.82,21.73,67.44,0.93,-1,-1,-1
430,8,257.10,182.39,21.56,65.99,0.92,-1,-1,-1
431,8,260.45,185.41,21.60,62.88,0.93,-1,-1,-1
432,8,262.27,187.39,22.09,60.73,0.94,-1,-1,-1
433,8,263.36,188.77,22.80,59.42,0.94,-1,-1,-1
434,8,263.39,189.95,24.09,59.93,0.95,-1,-1,-1
435,8,263.04,190.34,25.17,60.14,0.94,-1,-1,-1
436,8,262.69,190.65,26.86,61.92,0.95,-1,-1,-1
437,8,261.98,190.57,29.21,65.02,0.95,-1,-1,-1
438,8,261.21,190.23,30.96,66.72,0.95,-1,-1,-1
439,8,260.58,189.96,33.01,69.02,0.95,-1,-1,-1
440,8,260.21,189.72,34.58,70.12,0.94,-1,-1,-1
441,8,259.78,189.58,35.73,70.55,0.94,-1,-1,-1
442,8,259.20,189.56,36.59,70.77,0.95,-1,-1,-1
443,8,259.44,189.76,37.35,70.62,0.95,-1,-1,-1
444,8,259.75,190.15,37.86,70.18,0.96,-1,-1,-1
445,8,259.99,191.05,38.06,69.24,0.96,-1,-1,-1
446,8,260.34,192.42,38.45,68.76,0.96,-1,-1,-1
447,8,260.28,192.89,38.95,68.61,0.96,-1,-1,-1
448,8,260.03,194.08,39.62,68.82,0.95,-1,-1,-1
449,8,259.70,197.24,39.87,67.87,0.96,-1,-1,-1
450,8,259.68,199.75,39.75,66.29,0.96,-1,-1,-1
451,8,258.99,201.41,40.04,65.16,0.96,-1,-1,-1
452,8,257.57,202.36,41.28,65.72,0.95,-1,-1,-1
453,8,257.00,202.67,42.19,65.97,0.95,-1,-1,-1
454,8,254.96,203.04,43.81,67.40,0.96,-1,-1,-1
455,8,252.68,203.66,45.21,68.33,0.96,-1,-1,-1
456,8,251.31,204.04,46.44,68.76,0.96,-1,-1,-1
457,8,249.84,204.15,47.66,69.18,0.96,-1,-1,-1
458,8,248.42,204.07,48.27,69.32,0.95,-1,-1,-1
459,8,247.76,204.01,48.77,69.37,0.95,-1,-1,-1
460,8,246.33,203.79,49.04,69.36,0.95,-1,-1,-1
461,8,246.52,203.38,49.15,69.25,0.96,-1,-1,-1
462,8,246.83,203.50,49.01,68.84,0.96,-1,-1,-1
463,8,246.87,203.95,48.85,68.28,0.95,-1,-1,-1
464,8,247.00,204.77,48.69,67.81,0.95,-1,-1,-1
465,8,247.02,205.08,48.71,67.61,0.95,-1,-1,-1
466,8,247.47,206.17,48.72,67.69,0.92,-1,-1,-1
467,8,247.08,208.29,47.82,66.27,0.95,-1,-1,-1
468,8,246.06,209.68,47.18,64.92,0.95,-1,-1,-1
469,8,244.42,210.63,47.01,64.10,0.95,-1,-1,-1
470,8,243.14,211.24,46.85,63.47,0.96,-1,-1,-1
471,8,242.66,211.45,46.94,63.23,0.96,-1,-1,-1
472,8,241.06,211.47,47.05,63.21,0.96,-1,-1,-1
473,8,238.99,211.32,47.16,62.99,0.95,-1,-1,-1
474,8,238.06,210.86,47.65,63.22,0.96,-1,-1,-1
475,8,236.73,210.35,48.19,63.76,0.96,-1,-1,-1
476,8,235.01,209.65,48.53,64.52,0.95,-1,-1,-1
477,8,234.45,209.38,48.53,64.80,0.95,-1,-1,-1
478,8,233.72,208.95,48.50,65.09,0.95,-1,-1,-1
479,8,232.92,208.85,48.42,65.31,0.96,-1,-1,-1
480,8,232.63,209.00,48.07,65.11,0.96,-1,-1,-1
481,8,232.25,209.28,47.92,65.10,0.96,-1,-1,-1
482,8,231.97,209.74,47.52,64.78,0.96,-1,-1,-1
483,8,231.87,209.91,47.36,64.77,0.96,-1,-1,-1
484,8,232.02,210.72,46.63,63.91,0.96,-1,-1,-1
485,8,230.99,211.74,45.99,62.95,0.96,-1,-1,-1
486,8,229.72,212.41,45.63,62.23,0.96,-1,-1,-1
487,8,228.51,212.82,45.39,61.64,0.96,-1,-1,-1
488,8,228.08,212.90,45.44,61.56,0.97,-1,-1,-1
489,8,227.93,212.91,45.53,61.54,0.97,-1,-1,-1
490,8,227.76,212.89,45.58,61.33,0.96,-1,-1,-1
491,8,226.54,212.37,46.30,61.98,0.96,-1,-1,-1
492,8,225.59,211.96,46.64,62.42,0.96,-1,-1,-1
493,8,224.43,211.62,46.56,62.64,0.96,-1,-1,-1
494,8,223.09,211.48,46.29,63.02,0.95,-1,-1,-1
495,8,222.74,211.43,45.89,63.14,0.95,-1,-1,-1
496,8,222.07,211.49,45.28,63.40,0.95,-1,-1,-1
497,8,221.73,212.44,44.70,63.69,0.95,-1,-1,-1
498,8,221.78,213.48,44.23,64.07,0.95,-1,-1,-1
499,8,222.41,214.84,43.71,64.23,0.94,-1,-1,-1
500,8,223.13,216.60,43.23,64.09,0.94,-1,-1,-1
501,8,223.55,217.26,42.84,64.03,0.94,-1,-1,-1
502,8,224.56,219.00,41.59,62.42,0.93,-1,-1,-1
503,8,226.29,222.93,39.06,58.50,0.94,-1,-1,-1
504,8,226.57,225.65,37.46,55.81,0.93,-1,-1,-1
505,8,226.07,227.49,36.60,53.83,0.92,-1,-1,-1
506,8,225.76,228.80,36.79,52.32,0.92,-1,-1,-1
507,8,225.33,229.20,37.54,51.83,0.92,-1,-1,-1
508,8,223.67,229.53,37.37,50.20,0.92,-1,-1,-1
509,8,222.16,229.08,38.99,51.38,0.93,-1,-1,-1
510,8,220.79,228.22,40.50,52.59,0.95,-1,-1,-1
511,8,220.55,227.11,41.67,53.51,0.94,-1,-1,-1
512,8,220.65,225.75,41.26,52.38,0.93,-1,-1,-1
513,8,220.58,225.20,41.41,52.01,0.93,-1,-1,-1
514,8,219.62,224.16,42.42,52.95,0.93,-1,-1,-1
515,8,217.76,221.93,44.20,55.15,0.93,-1,-1,-1
516,8,215.94,220.47,45.03,56.33,0.93,-1,-1,-1
517,8,213.74,219.20,45.67,57.66,0.93,-1,-1,-1
518,8,212.44,218.13,45.96,58.70,0.94,-1,-1,-1
519,8,212.13,217.74,45.75,59.06,0.94,-1,-1,-1
520,8,211.85,217.21,45.55,59.42,0.94,-1,-1,-1
521,8,211.01,216.21,44.88,59.22,0.93,-1,-1,-1
522,8,210.75,215.56,44.43,59.45,0.93,-1,-1,-1
523,8,211.09,215.33,43.62,59.25,0.93,-1,-1,-1
524,8,211.34,215.48,42.91,59.09,0.93,-1,-1,-1
525,8,211.59,215.56,42.30,58.98,0.93,-1,-1,-1
526,8,212.72,215.99,41.25,58.26,0.93,-1,-1,-1
527,8,212.92,217.24,40.20,56.67,0.94,-1,-1,-1
528,8,214.12,217.78,39.52,55.24,0.95,-1,-1,-1
529,8,215.62,217.93,39.00,53.88,0.95,-1,-1,-1
530,8,216.67,217.48,39.27,53.58,0.94,-1,-1,-1
531,8,216.87,217.31,39.66,53.51,0.94,-1,-1,-1
532,8,217.73,216.97,39.66,52.82,0.94,-1,-1,-1
533,8,218.54,216.01,40.87,53.48,0.95,-1,-1,-1
534,8,219.23,215.33,42.19,54.32,0.96,-1,-1,-1
535,8,219.97,214.70,43.31,54.99,0.95,-1,-1,-1
536,8,220.79,213.94,44.22,55.42,0.95,-1,-1,-1
537,8,220.92,213.67,44.85,55.57,0.95,-1,-1,-1
538,8,222.08,213.17,45.21,55.62,0.94,-1,-1,-1
539,8,225.38,211.94,45.16,55.88,0.94,-1,-1,-1
540,8,226.95,211.48,45.09,56.22,0.95,-1,-1,-1
541,8,228.35,211.37,44.83,56.31,0.95,-1,-1,-1
542,8,229.55,211.29,44.60,56.50,0.94,-1,-1,-1
543,8,230.05,211.27,44.33,56.60,0.94,-1,-1,-1
544,8,230.63,211.55,44.36,57.11,0.94,-1,-1,-1
545,8,232.15,213.10,44.16,57.04,0.92,-1,-1,-1
546,8,233.72,214.57,43.46,56.07,0.93,-1,-1,-1
547,8,235.01,215.91,42.70,55.06,0.93,-1,-1,-1
548,8,235.74,217.16,42.36,54.62,0.94,-1,-1,-1
549,8,235.97,217.60,42.26,54.48,0.94,-1,-1,-1
550,8,236.35,218.09,41.79,53.80,0.94,-1,-1,-1
551,8,237.23,219.12,40.81,52.39,0.93,-1,-1,-1
552,8,237.56,219.72,39.67,50.75,0.92,-1,-1,-1
553,8,237.43,220.09,38.85,49.61,0.90,-1,-1,-1
554,8,237.48,220.33,38.48,49.03,0.91,-1,-1,-1
555,8,237.43,220.39,38.41,48.83,0.91,-1,-1,-1
556,8,236.98,220.39,38.39,48.87,0.87,-1,-1,-1
557,8,237.31,220.56,38.36,48.66,0.87,-1,-1,-1
558,8,236.18,220.57,38.07,48.58,0.86,-1,-1,-1
559,8,236.41,220.52,38.11,48.67,0.88,-1,-1,-1
560,8,236.75,220.60,38.12,48.58,0.86,-1,-1,-1
561,8,236.98,220.61,38.23,48.57,0.86,-1,-1,-1
562,8,236.96,220.69,38.26,48.47,0.88,-1,-1,-1
563,8,236.69,221.02,37.89,47.97,0.89,-1,-1,-1
564,8,236.83,221.00,38.01,47.99,0.89,-1,-1,-1
565,8,237.51,221.00,38.18,47.81,0.88,-1,-1,-1
566,8,236.98,220.64,38.73,48.10,0.90,-1,-1,-1
567,8,236.80,220.48,39.18,48.25,0.90,-1,-1,-1
568,8,236.08,219.82,40.44,49.11,0.88,-1,-1,-1
569,8,232.08,217.75,42.98,51.50,0.90,-1,-1,-1
570,8,228.67,216.28,44.69,53.01,0.90,-1,-1,-1
571,8,226.99,214.82,46.34,54.48,0.90,-1,-1,-1
572,8,225.08,213.79,47.38,55.53,0.91,-1,-1,-1
573,8,224.35,213.42,47.84,55.92,0.91,-1,-1,-1
574,8,222.69,213.08,48.46,56.48,0.91,-1,-1,-1
575,8,219.79,213.04,48.61,57.14,0.91,-1,-1,-1
576,8,217.64,213.34,48.63,57.76,0.92,-1,-1,-1
577,8,216.96,214.43,48.15,57.50,0.93,-1,-1,-1
578,8,216.65,215.69,47.81,57.16,0.93,-1,-1,-1
579,8,216.61,216.18,47.67,57.02,0.93,-1,-1,-1
580,8,216.36,217.35,47.00,55.95,0.93,-1,-1,-1
581,8,215.64,219.31,45.76,53.94,0.92,-1,-1,-1
582,8,215.08,220.67,44.93,52.47,0.93,-1,-1,-1
583,8,214.87,221.80,44.40,51.30,0.93,-1,-1,-1
584,8,215.03,222.56,44.12,50.55,0.93,-1,-1,-1
585,8,215.03,222.83,44.18,50.24,0.93,-1,-1,-1
586,8,215.66,222.96,44.36,50.19,0.93,-1,-1,-1
587,8,217.14,222.23,44.59,50.68,0.92,-1,-1,-1
588,8,218.19,221.26,44.82,51.49,0.92,-1,-1,-1
589,8,218.50,219.95,45.20,52.77,0.91,-1,-1,-1
590,8,218.60,218.71,45.52,54.04,0.91,-1,-1,-1
591,8,218.85,218.24,45.24,54.53,0.91,-1,-1,-1
592,8,219.04,217.80,45.00,55.11,0.90,-1,-1,-1
593,8,218.47,218.44,44.83,56.09,0.89,-1,-1,-1
594,8,217.40,219.38,45.89,58.98,0.91,-1,-1,-1
595,8,218.04,220.13,46.10,60.82,0.89,-1,-1,-1
596,8,217.81,221.17,47.71,65.10,0.89,-1,-1,-1
597,8,218.21,221.58,47.40,66.76,0.89,-1,-1,-1
598,8,218.63,222.32,47.84,69.57,0.89,-1,-1,-1
599,8,218.29,225.20,46.71,68.88,0.85,-1,-1,-1
600,8,218.88,227.53,45.35,67.39,0.86,-1,-1,-1
602,8,219.28,230.48,43.23,64.78,0.87,-1,-1,-1
603,8,219.54,231.00,42.43,64.08,0.87,-1,-1,-1
604,8,217.87,228.43,43.31,66.59,0.84,-1,-1,-1
605,8,216.66,224.26,43.80,70.68,0.83,-1,-1,-1
606,8,215.58,221.96,43.01,72.79,0.84,-1,-1,-1
607,8,215.06,220.76,41.83,73.99,0.87,-1,-1,-1
608,8,215.37,220.47,39.69,72.91,0.39,-1,-1,-1
609,8,215.80,220.33,38.14,72.59,0.50,-1,-1,-1
610,8,216.43,219.41,36.95,72.34,0.44,-1,-1,-1
611,8,215.82,217.74,34.14,67.98,0.85,-1,-1,-1
612,8,213.82,216.19,33.61,68.33,0.85,-1,-1,-1
613,8,212.81,215.02,33.95,70.53,0.81,-1,-1,-1
614,8,211.27,214.31,34.35,71.92,0.85,-1,-1,-1
615,8,210.79,214.10,34.34,72.41,0.85,-1,-1,-1
616,8,208.98,213.74,34.44,72.41,0.86,-1,-1,-1
617,8,203.71,212.83,35.20,72.99,0.87,-1,-1,-1
618,8,198.85,212.05,36.35,74.01,0.86,-1,-1,-1
619,8,196.01,210.43,37.71,76.02,0.87,-1,-1,-1
620,8,192.90,209.67,38.53,76.97,0.86,-1,-1,-1
621,8,191.73,209.42,39.02,77.28,0.86,-1,-1,-1
622,8,191.70,209.23,39.42,77.42,0.88,-1,-1,-1
623,8,189.24,208.92,40.51,77.63,0.91,-1,-1,-1
624,8,188.78,209.04,41.52,78.03,0.91,-1,-1,-1
625,8,188.95,208.18,42.41,78.72,0.94,-1,-1,-1
626,8,187.65,208.46,42.27,78.43,0.92,-1,-1,-1
627,8,187.24,208.61,42.22,78.27,0.92,-1,-1,-1
628,8,183.50,208.75,40.97,75.47,0.92,-1,-1,-1
629,8,177.63,206.88,40.17,72.53,0.93,-1,-1,-1
630,8,174.39,209.92,39.41,69.30,0.91,-1,-1,-1
631,8,172.14,213.22,38.46,65.89,0.94,-1,-1,-1
632,8,170.40,215.19,37.83,63.60,0.93,-1,-1,-1
633,8,169.69,215.87,38.00,62.81,0.93,-1,-1,-1
634,8,168.62,216.24,37.94,62.28,0.94,-1,-1,-1
635,8,166.24,214.96,38.93,64.47,0.94,-1,-1,-1
636,8,165.43,213.97,39.38,65.79,0.94,-1,-1,-1
637,8,165.12,213.06,39.67,66.64,0.93,-1,-1,-1
638,8,165.10,211.82,40.34,68.02,0.93,-1,-1,-1
639,8,165.16,211.33,40.56,68.64,0.93,-1,-1,-1
640,8,164.91,209.87,41.55,70.72,0.94,-1,-1,-1
641,8,165.14,208.47,42.03,71.93,0.94,-1,-1,-1
642,8,165.72,205.89,42.70,73.83,0.94,-1,-1,-1
643,8,166.12,204.41,42.88,75.45,0.94,-1,-1,-1
644,8,169.14,204.11,39.90,70.90,0.94,-1,-1,-1
645,8,170.49,204.00,38.53,69.09,0.94,-1,-1,-1
646,8,171.86,203.79,37.76,68.49,0.93,-1,-1,-1
647,8,172.80,203.69,37.23,68.27,0.94,-1,-1,-1
648,8,177.13,203.12,38.31,68.59,0.91,-1,-1,-1
649,8,179.65,203.54,38.73,67.70,0.95,-1,-1,-1
650,8,180.91,204.21,37.88,64.85,0.95,-1,-1,-1
651,8,181.15,204.48,37.96,63.79,0.95,-1,-1,-1
652,8,181.88,205.08,37.17,61.81,0.96,-1,-1,-1
653,8,183.46,205.31,36.86,61.36,0.95,-1,-1,-1
654,8,188.16,204.07,37.38,62.86,0.94,-1,-1,-1
655,8,190.21,201.81,37.95,65.52,0.88,-1,-1,-1
656,8,192.56,199.03,38.16,68.64,0.92,-1,-1,-1
657,8,193.87,197.97,37.36,69.86,0.92,-1,-1,-1
658,8,194.71,195.06,37.27,72.81,0.89,-1,-1,-1
659,8,195.97,192.02,36.58,75.11,0.89,-1,-1,-1
660,8,197.72,187.02,35.11,75.18,0.90,-1,-1,-1
661,8,199.61,184.41,33.27,74.47,0.91,-1,-1,-1
662,8,200.97,182.46,31.27,73.08,0.92,-1,-1,-1
663,8,201.77,181.77,29.85,72.68,0.92,-1,-1,-1
664,8,202.70,180.87,28.36,71.69,0.92,-1,-1,-1
665,8,203.65,180.18,26.91,70.38,0.90,-1,-1,-1
666,8,208.57,180.00,22.92,58.32,0.75,-1,-1,-1
667,8,208.11,180.28,25.04,64.46,0.80,-1,-1,-1
668,8,206.79,181.00,25.30,65.55,0.78,-1,-1,-1
669,8,206.33,181.35,25.23,65.99,0.79,-1,-1,-1
670,8,205.51,181.80,25.66,65.70,0.78,-1,-1,-1
671,8,206.77,182.94,25.48,63.90,0.78,-1,-1,-1
672,8,203.32,184.00,24.95,56.56,0.78,-1,-1,-1
673,8,199.63,184.18,26.11,53.90,0.52,-1,-1,-1
674,8,205.27,183.38,25.38,50.87,0.50,-1,-1,-1
675,8,207.13,183.05,25.57,49.96,0.51,-1,-1,-1
676,8,207.83,181.79,26.18,50.68,0.87,-1,-1,-1
677,8,206.53,180.76,27.34,52.19,0.86,-1,-1,-1
679,8,199.93,175.99,31.87,57.84,0.88,-1,-1,-1
680,8,197.48,174.76,33.69,59.82,0.88,-1,-1,-1
681,8,196.25,174.44,34.76,60.52,0.88,-1,-1,-1
682,8,194.21,174.36,35.36,60.55,0.89,-1,-1,-1
683,8,188.49,174.14,36.48,61.14,0.89,-1,-1,-1
684,8,186.40,175.21,35.38,59.36,0.82,-1,-1,-1
685,8,180.80,176.80,35.14,60.66,0.85,-1,-1,-1
686,8,175.69,178.14,34.25,61.04,0.83,-1,-1,-1
687,8,173.88,178.71,33.38,61.19,0.84,-1,-1,-1
688,8,171.12,180.06,32.45,61.05,0.89,-1,-1,-1
689,8,168.31,180.73,32.15,61.57,0.89,-1,-1,-1
690,8,164.42,180.60,32.49,62.36,0.89,-1,-1,-1
691,8,161.89,180.17,33.04,63.17,0.91,-1,-1,-1
692,8,159.01,178.23,34.37,65.26,0.92,-1,-1,-1
693,8,157.92,177.51,35.00,66.07,0.92,-1,-1,-1
694,8,156.12,176.09,35.98,67.55,0.93,-1,-1,-1
695,8,153.74,174.53,36.84,68.68,0.93,-1,-1,-1
696,8,149.31,173.65,36.67,67.94,0.94,-1,-1,-1
697,8,145.78,173.03,36.49,67.54,0.93,-1,-1,-1
698,8,141.19,172.47,35.99,67.29,0.92,-1,-1,-1
699,8,139.66,172.28,35.56,67.09,0.93,-1,-1,-1
700,8,138.72,171.44,33.64,63.70,0.89,-1,-1,-1
701,8,137.85,171.69,32.31,61.46,0.90,-1,-1,-1
702,8,133.82,170.21,32.44,62.06,0.91,-1,-1,-1
703,8,131.73,169.06,32.00,61.96,0.91,-1,-1,-1
704,8,130.35,167.99,32.08,62.87,0.92,-1,-1,-1
705,8,130.00,167.64,31.90,63.18,0.92,-1,-1,-1
706,8,129.39,166.70,31.86,64.17,0.90,-1,-1,-1
707,8,127.98,165.00,31.99,66.16,0.88,-1,-1,-1
708,8,125.56,161.73,32.69,70.21,0.88,-1,-1,-1
709,8,124.53,159.42,32.48,72.51,0.88,-1,-1,-1
710,8,123.65,156.86,32.13,74.61,0.75,-1,-1,-1
711,8,123.69,155.86,31.31,75.45,0.74,-1,-1,-1
712,8,117.36,148.36,32.99,78.97,0.59,-1,-1,-1
713,8,120.33,142.58,33.30,83.72,0.73,-1,-1,-1
714,8,122.89,147.09,30.02,78.34,0.87,-1,-1,-1
715,8,123.87,147.50,28.43,76.92,0.85,-1,-1,-1
716,8,123.69,145.29,27.67,77.09,0.79,-1,-1,-1
717,8,123.56,143.19,27.45,78.65,0.77,-1,-1,-1
718,8,121.37,131.03,30.42,89.86,0.80,-1,-1,-1
719,8,121.13,123.70,31.32,95.34,0.85,-1,-1,-1
720,8,122.44,117.42,31.81,98.64,0.87,-1,-1,-1
721,8,121.59,115.68,31.48,98.16,0.90,-1,-1,-1
722,8,121.83,114.68,31.23,97.53,0.88,-1,-1,-1
723,8,122.01,114.50,31.02,97.04,0.88,-1,-1,-1
724,8,122.93,115.13,30.75,96.44,0.88,-1,-1,-1
725,8,124.21,116.96,29.73,93.47,0.88,-1,-1,-1
726,8,127.61,124.96,26.64,83.01,0.86,-1,-1,-1
727,8,129.19,130.82,24.90,75.71,0.86,-1,-1,-1
728,8,131.01,132.40,24.26,72.85,0.86,-1,-1,-1
729,8,131.55,132.92,24.22,71.93,0.86,-1,-1,-1
730,8,131.63,131.86,25.11,74.10,0.86,-1,-1,-1
731,8,131.89,130.63,25.65,75.02,0.89,-1,-1,-1
732,8,129.88,128.56,25.78,76.06,0.88,-1,-1,-1
733,8,128.17,127.50,25.74,77.33,0.89,-1,-1,-1
734,8,127.35,126.83,25.39,77.48,0.87,-1,-1,-1
735,8,127.25,126.64,25.05,77.51,0.87,-1,-1,-1
736,8,126.69,127.09,23.92,74.99,0.90,-1,-1,-1
737,8,126.52,127.25,23.25,73.67,0.91,-1,-1,-1
738,8,127.08,126.56,22.52,72.13,0.89,-1,-1,-1
739,8,128.37,125.27,22.20,71.82,0.86,-1,-1,-1
740,8,129.84,124.06,21.69,70.72,0.85,-1,-1,-1
741,8,130.44,123.57,21.45,70.43,0.85,-1,-1,-1
742,8,130.49,122.36,21.22,71.23,0.84,-1,-1,-1
743,8,131.58,120.55,21.19,72.10,0.82,-1,-1,-1
744,8,132.54,119.19,21.03,72.11,0.84,-1,-1,-1
745,8,133.93,119.64,20.27,69.08,0.83,-1,-1,-1
746,8,135.47,119.97,19.62,66.50,0.85,-1,-1,-1
747,8,136.00,119.97,19.49,65.74,0.85,-1,-1,-1
748,8,136.80,120.03,19.46,65.54,0.86,-1,-1,-1
749,8,137.98,120.55,19.06,64.19,0.86,-1,-1,-1
750,8,138.84,120.67,18.80,63.43,0.79,-1,-1,-1
751,8,139.35,120.83,18.59,62.94,0.76,-1,-1,-1
752,8,139.57,120.55,18.29,62.26,0.81,-1,-1,-1
753,8,139.69,120.52,18.15,62.07,0.81,-1,-1,-1
754,8,139.73,119.78,17.93,61.69,0.78,-1,-1,-1
755,8,139.47,118.72,18.09,62.47,0.80,-1,-1,-1
756,8,139.70,117.62,18.62,65.61,0.20,-1,-1,-1
757,8,140.60,115.09,18.99,67.46,0.79,-1,-1,-1
758,8,142.13,114.30,19.07,68.13,0.84,-1,-1,-1
759,8,142.79,114.03,19.06,68.38,0.84,-1,-1,-1
760,8,144.06,113.42,19.30,68.79,0.85,-1,-1,-1
761,8,145.69,113.84,19.57,68.67,0.87,-1,-1,-1
762,8,147.28,115.93,19.98,67.62,0.86,-1,-1,-1
763,8,148.24,117.15,20.45,67.18,0.84,-1,-1,-1
764,8,149.21,118.24,21.02,66.86,0.87,-1,-1,-1
765,8,149.41,118.66,21.57,66.72,0.87,-1,-1,-1
766,8,150.14,118.79,22.02,66.93,0.89,-1,-1,-1
767,8,150.08,119.24,22.38,66.73,0.88,-1,-1,-1
768,8,151.19,119.08,22.68,67.07,0.89,-1,-1,-1
769,8,151.28,118.90,23.06,67.26,0.89,-1,-1,-1
770,8,151.42,118.36,23.44,67.56,0.89,-1,-1,-1
771,8,151.37,118.14,23.74,67.72,0.89,-1,-1,-1
772,8,151.47,116.92,24.35,68.97,0.91,-1,-1,-1
773,8,152.12,115.58,24.89,70.53,0.90,-1,-1,-1
774,8,155.26,114.12,24.81,72.17,0.92,-1,-1,-1
775,8,157.18,113.04,24.54,73.25,0.93,-1,-1,-1
776,8,158.69,113.08,24.12,73.78,0.93,-1,-1,-1
777,8,159.40,113.12,23.65,73.95,0.93,-1,-1,-1
778,8,160.76,113.28,23.26,73.93,0.93,-1,-1,-1
779,8,162.94,114.41,23.31,74.04,0.94,-1,-1,-1
780,8,165.98,116.23,23.39,73.21,0.93,-1,-1,-1
781,8,167.39,113.59,25.09,76.43,0.86,-1,-1,-1
782,8,167.84,116.82,24.89,74.58,0.91,-1,-1,-1
783,8,167.87,118.11,25.00,73.82,0.91,-1,-1,-1
784,8,168.15,118.43,25.10,73.07,0.90,-1,-1,-1
785,8,168.77,118.89,24.89,71.53,0.89,-1,-1,-1
786,8,170.48,115.52,25.94,74.64,0.88,-1,-1,-1
787,8,172.70,114.82,25.83,75.27,0.89,-1,-1,-1
788,8,174.90,115.01,25.65,76.25,0.89,-1,-1,-1
789,8,175.83,115.04,25.31,76.64,0.89,-1,-1,-1
790,8,176.70,115.22,25.18,77.58,0.85,-1,-1,-1
791,8,177.84,116.26,25.31,78.31,0.83,-1,-1,-1
792,8,180.08,119.29,25.70,77.91,0.84,-1,-1,-1
793,8,181.59,122.93,25.36,75.89,0.74,-1,-1,-1
794,8,185.52,125.93,25.69,74.59,0.61,-1,-1,-1
795,8,186.73,127.08,26.20,74.03,0.62,-1,-1,-1
796,8,187.02,128.33,27.36,76.99,0.53,-1,-1,-1
797,8,186.69,131.08,28.17,77.46,0.51,-1,-1,-1
798,8,184.96,135.66,28.69,76.34,0.77,-1,-1,-1
799,8,184.19,136.49,29.15,77.68,0.61,-1,-1,-1
800,8,183.20,141.29,28.28,74.43,0.76,-1,-1,-1
801,8,182.57,143.08,28.06,73.14,0.77,-1,-1,-1
802,8,181.73,144.99,30.11,76.41,0.77,-1,-1,-1
803,8,182.09,147.16,30.61,75.48,0.78,-1,-1,-1
804,8,177.41,151.90,30.60,74.93,0.88,-1,-1,-1
805,8,174.40,157.48,29.95,72.22,0.92,-1,-1,-1
806,8,172.22,161.53,29.91,70.63,0.92,-1,-1,-1
807,8,171.29,162.90,30.22,70.08,0.92,-1,-1,-1
808,8,170.03,165.06,30.64,69.47,0.91,-1,-1,-1
809,8,169.04,166.88,31.56,70.45,0.91,-1,-1,-1
810,8,166.91,168.53,32.54,72.49,0.88,-1,-1,-1
811,8,164.22,169.27,34.78,78.46,0.92,-1,-1,-1
812,8,162.36,169.45,35.56,81.24,0.93,-1,-1,-1
813,8,161.81,169.43,35.60,82.28,0.93,-1,-1,-1
814,8,160.97,169.37,35.42,83.04,0.88,-1,-1,-1
815,8,160.75,169.64,33.99,81.17,0.82,-1,-1,-1
816,8,159.66,169.16,31.90,78.71,0.86,-1,-1,-1
817,8,159.19,168.99,30.85,78.36,0.88,-1,-1,-1
818,8,158.73,169.03,29.90,78.07,0.88,-1,-1,-1
819,8,158.81,169.00,29.11,77.97,0.88,-1,-1,-1
820,8,158.06,169.28,28.86,78.54,0.87,-1,-1,-1
821,8,157.03,170.11,28.46,79.34,0.88,-1,-1,-1
822,8,154.35,173.81,27.86,78.19,0.86,-1,-1,-1
823,8,152.07,175.63,28.28,79.89,0.89,-1,-1,-1
824,8,150.87,178.81,27.61,77.47,0.86,-1,-1,-1
825,8,150.40,179.92,27.48,76.65,0.85,-1,-1,-1
826,8,151.55,180.01,28.79,77.64,0.89,-1,-1,-1
827,8,151.10,180.05,29.66,77.89,0.91,-1,-1,-1
828,8,150.47,180.21,30.05,77.45,0.90,-1,-1,-1
829,8,147.02,178.73,32.95,87.14,0.86,-1,-1,-1
830,8,146.02,177.99,32.47,87.27,0.85,-1,-1,-1
831,8,145.85,177.63,31.92,87.08,0.85,-1,-1,-1
832,8,145.88,176.69,32.04,88.69,0.92,-1,-1,-1
833,8,146.25,175.93,31.75,89.29,0.90,-1,-1,-1
834,8,146.67,175.25,31.59,90.24,0.92,-1,-1,-1
835,8,147.04,175.35,31.57,91.89,0.92,-1,-1,-1
836,8,147.55,175.31,31.35,93.12,0.93,-1,-1,-1
837,8,147.95,175.26,30.92,93.59,0.93,-1,-1,-1
838,8,148.63,175.97,30.27,93.42,0.92,-1,-1,-1
839,8,149.52,177.45,29.27,91.64,0.91,-1,-1,-1
840,8,150.31,177.94,28.52,90.66,0.91,-1,-1,-1
841,8,150.88,176.95,28.02,90.01,0.93,-1,-1,-1
842,8,152.06,175.65,27.60,90.03,0.93,-1,-1,-1
843,8,152.63,175.15,27.19,89.93,0.93,-1,-1,-1
844,8,153.91,174.14,26.71,89.85,0.93,-1,-1,-1
845,8,155.48,172.86,26.19,89.76,0.93,-1,-1,-1
846,8,156.68,171.31,25.79,89.91,0.92,-1,-1,-1
847,8,157.78,169.13,25.45,89.45,0.93,-1,-1,-1
848,8,158.51,167.52,25.26,89.28,0.93,-1,-1,-1
849,8,158.73,166.94,25.13,89.21,0.93,-1,-1,-1
850,8,159.45,165.83,25.02,88.97,0.92,-1,-1,-1
851,8,159.85,164.78,24.90,88.48,0.94,-1,-1,-1
852,8,160.14,163.38,24.74,88.07,0.94,-1,-1,-1
853,8,161.06,161.55,24.60,87.03,0.92,-1,-1,-1
854,8,161.30,159.72,24.69,86.81,0.94,-1,-1,-1
855,8,161.35,159.08,24.80,86.72,0.94,-1,-1,-1
856,8,160.92,158.48,24.51,85.86,0.94,-1,-1,-1
857,8,161.05,156.91,24.44,85.72,0.93,-1,-1,-1
858,8,161.28,155.24,24.44,85.86,0.91,-1,-1,-1
859,8,162.18,152.54,24.87,87.42,0.92,-1,-1,-1
860,8,163.02,150.61,25.07,88.42,0.90,-1,-1,-1
861,8,163.35,149.92,25.07,88.70,0.90,-1,-1,-1
862,8,163.69,148.63,24.56,86.83,0.91,-1,-1,-1
863,8,164.08,147.34,24.39,85.97,0.91,-1,-1,-1
864,8,165.47,146.38,24.18,85.54,0.93,-1,-1,-1
865,8,166.98,144.57,24.18,85.53,0.94,-1,-1,-1
866,8,168.03,143.38,24.34,86.19,0.94,-1,-1,-1
867,8,168.42,142.98,24.38,86.40,0.94,-1,-1,-1
868,8,168.87,142.42,24.42,86.27,0.94,-1,-1,-1
869,8,169.39,141.71,24.54,86.19,0.93,-1,-1,-1
870,8,170.07,140.89,24.78,86.32,0.94,-1,-1,-1
871,8,171.07,139.75,25.11,86.39,0.94,-1,-1,-1
872,8,171.81,138.64,25.39,86.31,0.94,-1,-1,-1
873,8,171.98,138.25,25.67,86.34,0.94,-1,-1,-1
874,8,172.57,137.54,25.87,86.17,0.94,-1,-1,-1
875,8,173.24,136.68,26.08,86.25,0.94,-1,-1,-1
876,8,173.94,135.96,26.21,86.27,0.94,-1,-1,-1
877,8,174.70,134.71,26.33,86.51,0.94,-1,-1,-1
878,8,174.99,133.84,26.49,87.05,0.94,-1,-1,-1
879,8,175.07,133.55,26.53,87.23,0.94,-1,-1,-1
880,8,175.10,133.02,26.61,87.65,0.94,-1,-1,-1
881,8,175.28,132.48,26.58,87.88,0.94,-1,-1,-1
882,8,175.30,131.98,26.53,88.19,0.94,-1,-1,-1
883,8,175.55,131.46,26.30,88.12,0.94,-1,-1,-1
884,8,175.64,131.18,26.05,87.98,0.94,-1,-1,-1
885,8,175.70,131.10,25.84,87.91,0.94,-1,-1,-1
886,8,175.54,130.74,25.79,88.24,0.94,-1,-1,-1
887,8,175.32,130.48,25.74,88.61,0.94,-1,-1,-1
888,8,174.99,130.12,25.77,89.22,0.93,-1,-1,-1
889,8,174.94,129.46,25.21,87.65,0.93,-1,-1,-1
890,8,174.89,128.74,24.92,87.01,0.93,-1,-1,-1
891,8,174.91,128.49,24.75,86.78,0.93,-1,-1,-1
892,8,174.91,127.99,24.65,86.73,0.93,-1,-1,-1
893,8,174.86,127.33,24.64,87.06,0.93,-1,-1,-1
894,8,175.11,126.73,24.39,86.54,0.93,-1,-1,-1
895,8,175.36,125.84,24.22,86.32,0.93,-1,-1,-1
896,8,175.38,125.17,24.09,86.20,0.93,-1,-1,-1
897,8,175.42,124.95,23.99,86.16,0.93,-1,-1,-1
898,8,175.54,124.50,23.78,85.53,0.94,-1,-1,-1
899,8,175.69,124.25,23.67,85.33,0.95,-1,-1,-1
900,8,175.66,123.92,23.89,86.34,0.94,-1,-1,-1
901,8,175.84,123.78,24.20,87.80,0.94,-1,-1,-1
902,8,175.98,123.67,24.32,88.57,0.94,-1,-1,-1
903,8,176.06,123.64,24.30,88.83,0.94,-1,-1,-1
904,8,176.19,123.65,24.29,89.12,0.94,-1,-1,-1
905,8,176.49,123.70,24.16,88.88,0.94,-1,-1,-1
906,8,176.76,123.59,24.00,88.51,0.94,-1,-1,-1
907,8,177.16,123.07,23.73,87.72,0.94,-1,-1,-1
908,8,177.45,122.64,23.53,87.20,0.93,-1,-1,-1
909,8,177.56,122.50,23.42,87.00,0.93,-1,-1,-1
910,8,177.69,122.19,23.34,86.97,0.93,-1,-1,-1
911,8,177.75,121.91,23.24,86.80,0.94,-1,-1,-1
912,8,177.77,121.48,23.18,86.71,0.94,-1,-1,-1
913,8,177.56,120.89,23.00,86.29,0.93,-1,-1,-1
914,8,177.12,120.71,22.89,85.97,0.94,-1,-1,-1
915,8,176.95,120.65,22.82,85.82,0.94,-1,-1,-1
916,8,176.21,120.75,22.98,86.04,0.94,-1,-1,-1
917,8,175.22,120.97,23.13,85.79,0.94,-1,-1,-1
918,8,173.98,121.04,23.43,85.71,0.94,-1,-1,-1
919,8,172.99,121.48,23.70,85.52,0.94,-1,-1,-1
920,8,172.31,121.85,24.05,85.91,0.94,-1,-1,-1
921,8,172.01,122.00,24.32,86.06,0.94,-1,-1,-1
922,8,171.89,122.42,24.48,85.99,0.94,-1,-1,-1
923,8,171.80,122.64,24.59,85.85,0.95,-1,-1,-1
924,8,171.72,122.65,24.74,85.89,0.94,-1,-1,-1
925,8,171.40,122.71,24.81,85.77,0.94,-1,-1,-1
926,8,171.09,122.80,24.83,85.38,0.94,-1,-1,-1
927,8,170.92,122.82,24.92,85.28,0.94,-1,-1,-1
928,8,170.30,122.80,25.00,85.20,0.94,-1,-1,-1
929,8,169.47,122.74,25.07,85.34,0.94,-1,-1,-1
930,8,168.45,122.84,25.01,85.09,0.94,-1,-1,-1
931,8,167.34,123.01,24.88,85.02,0.94,-1,-1,-1
932,8,165.01,123.33,24.42,84.73,0.93,-1,-1,-1
933,8,164.23,123.46,24.04,84.58,0.93,-1,-1,-1
