57,10,259.04,118.64,17.49,50.18,0.83,-1,-1,-1
58,10,260.85,118.66,16.70,47.82,0.88,-1,-1,-1
59,10,262.77,117.32,16.96,48.54,0.83,-1,-1,-1
60,10,263.67,115.97,17.53,50.02,0.85,-1,-1,-1
61,10,265.87,114.16,17.62,49.95,0.88,-1,-1,-1
62,10,267.87,113.21,17.65,49.79,0.87,-1,-1,-1
63,10,268.47,112.89,17.71,49.73,0.87,-1,-1,-1
64,10,269.89,112.70,17.96,50.55,0.86,-1,-1,-1
65,10,271.40,112.73,18.42,52.36,0.90,-1,-1,-1
66,10,273.01,112.37,18.27,52.54,0.89,-1,-1,-1
67,10,274.44,111.99,17.79,51.74,0.88,-1,-1,-1
68,10,276.98,110.92,17.53,51.82,0.89,-1,-1,-1
69,10,277.95,110.56,17.27,51.86,0.89,-1,-1,-1
70,10,279.54,110.20,17.16,51.93,0.91,-1,-1,-1
71,10,281.68,109.86,17.16,51.91,0.92,-1,-1,-1
72,10,283.79,109.60,17.11,51.48,0.92,-1,-1,-1
73,10,285.70,109.56,17.14,51.05,0.93,-1,-1,-1
74,10,288.38,109.83,17.05,50.46,0.92,-1,-1,-1
75,10,289.29,109.95,17.07,50.21,0.92,-1,-1,-1
76,10,290.37,110.28,16.95,49.82,0.93,-1,-1,-1
77,10,291.55,110.55,16.79,49.59,0.91,-1,-1,-1
78,10,292.43,110.76,16.64,49.42,0.91,-1,-1,-1
79,10,293.27,110.74,16.57,49.46,0.90,-1,-1,-1
80,10,295.27,110.18,16.62,50.00,0.89,-1,-1,-1
81,10,296.01,109.99,16.56,50.18,0.89,-1,-1,-1
82,10,297.06,109.20,16.73,51.12,0.91,-1,-1,-1
83,10,298.45,108.75,16.76,51.48,0.91,-1,-1,-1
84,10,299.31,108.30,16.82,51.88,0.91,-1,-1,-1
85,10,300.10,107.92,16.86,52.10,0.91,-1,-1,-1
86,10,301.33,106.48,17.04,53.03,0.90,-1,-1,-1
87,10,301.81,105.95,17.08,53.51,0.90,-1,-1,-1
88,10,302.42,105.14,16.99,53.40,0.90,-1,-1,-1
89,10,302.98,104.07,16.94,53.52,0.90,-1,-1,-1
90,10,303.60,102.99,16.86,53.73,0.90,-1,-1,-1
91,10,304.36,102.32,16.59,53.08,0.90,-1,-1,-1
92,10,305.74,101.67,16.05,51.61,0.91,-1,-1,-1
93,10,306.24,101.45,15.80,51.05,0.91,-1,-1,-1
94,10,306.84,101.37,15.62,50.73,0.90,-1,-1,-1
95,10,307.30,100.97,15.56,50.99,0.89,-1,-1,-1
96,10,307.75,100.77,15.56,51.28,0.88,-1,-1,-1
97,10,308.18,100.66,15.51,51.43,0.88,-1,-1,-1
98,10,309.08,101.80,15.10,50.25,0.90,-1,-1,-1
99,10,309.42,102.28,14.91,49.78,0.90,-1,-1,-1
100,10,309.57,102.51,14.90,49.55,0.90,-1,-1,-1
101,10,309.50,102.66,14.97,49.46,0.91,-1,-1,-1
102,10,309.48,102.81,15.05,49.38,0.90,-1,-1,-1
103,10,309.48,102.91,15.15,49.30,0.89,-1,-1,-1
104,10,309.53,102.29,15.40,49.88,0.91,-1,-1,-1
105,10,309.50,102.00,15.55,50.15,0.91,-1,-1,-1
106,10,309.29,101.56,15.77,50.55,0.89,-1,-1,-1
107,10,309.35,101.17,15.95,51.03,0.91,-1,-1,-1
108,10,309.28,100.68,16.15,51.61,0.91,-1,-1,-1
109,10,309.15,100.07,16.32,52.25,0.91,-1,-1,-1
110,10,308.99,99.07,16.50,52.94,0.92,-1,-1,-1
111,10,308.94,98.70,16.54,53.18,0.92,-1,-1,-1
112,10,308.80,98.17,16.64,53.73,0.91,-1,-1,-1
113,10,308.61,97.69,16.64,54.10,0.90,-1,-1,-1
114,10,308.52,96.96,16.73,54.83,0.89,-1,-1,-1
115,10,308.43,96.60,16.61,54.75,0.90,-1,-1,-1
116,10,308.09,96.23,16.53,54.63,0.89,-1,-1,-1
117,10,307.98,96.10,16.48,54.58,0.89,-1,-1,-1
118,10,307.88,96.03,16.45,54.60,0.90,-1,-1,-1
119,10,307.81,95.83,16.29,54.22,0.91,-1,-1,-1
120,10,307.77,95.78,16.20,53.99,0.91,-1,-1,-1
121,10,307.65,95.80,16.13,53.85,0.89,-1,-1,-1
122,10,307.20,95.29,16.05,53.79,0.82,-1,-1,-1
123,10,307.01,95.10,16.04,53.99,0.82,-1,-1,-1
124,10,306.71,94.99,16.04,54.16,0.91,-1,-1,-1
125,10,306.42,95.08,15.95,54.17,0.91,-1,-1,-1
126,10,306.08,94.92,15.84,54.20,0.90,-1,-1,-1
127,10,305.68,94.83,15.77,54.39,0.91,-1,-1,-1
128,10,305.08,94.46,15.65,54.26,0.92,-1,-1,-1
129,10,304.87,94.35,15.56,54.19,0.91,-1,-1,-1
130,10,304.61,94.35,15.51,54.27,0.91,-1,-1,-1
131,10,304.26,94.16,15.51,54.50,0.91,-1,-1,-1
132,10,303.83,94.03,15.55,54.80,0.91,-1,-1,-1
133,10,303.31,93.87,15.56,54.99,0.90,-1,-1,-1
134,10,302.41,93.91,15.52,55.00,0.87,-1,-1,-1
135,10,302.09,93.91,15.50,55.07,0.88,-1,-1,-1
136,10,301.52,93.91,15.59,55.59,0.84,-1,-1,-1
137,10,301.10,93.78,15.48,55.16,0.89,-1,-1,-1
138,10,300.54,93.78,15.51,55.29,0.89,-1,-1,-1
139,10,299.99,93.98,15.30,54.43,0.90,-1,-1,-1
140,10,299.04,94.06,15.06,53.55,0.85,-1,-1,-1
141,10,298.68,94.07,14.99,53.27,0.85,-1,-1,-1
142,10,298.08,94.32,15.05,53.32,0.86,-1,-1,-1
143,10,297.45,95.23,15.11,53.48,0.86,-1,-1,-1
144,10,296.75,95.52,15.13,53.30,0.81,-1,-1,-1
145,10,295.83,95.98,15.11,52.39,0.89,-1,-1,-1
146,10,294.30,97.52,15.13,51.01,0.92,-1,-1,-1
147,10,293.65,98.09,15.34,50.46,0.91,-1,-1,-1
148,10,292.95,99.02,15.27,48.54,0.89,-1,-1,-1
149,10,292.00,99.91,15.79,48.53,0.91,-1,-1,-1
150,10,291.50,100.54,16.39,48.69,0.90,-1,-1,-1
151,10,291.26,100.91,16.92,48.85,0.90,-1,-1,-1
152,10,290.46,100.92,17.63,49.61,0.89,-1,-1,-1
153,10,290.08,100.91,18.13,49.88,0.90,-1,-1,-1
154,10,289.34,100.80,18.50,49.99,0.87,-1,-1,-1
155,10,288.95,100.97,18.73,49.83,0.92,-1,-1,-1
156,10,288.75,101.44,18.93,49.52,0.92,-1,-1,-1
157,10,288.43,101.99,19.06,49.08,0.92,-1,-1,-1
158,10,287.36,102.97,19.14,48.86,0.91,-1,-1,-1
159,10,286.98,103.34,19.18,48.54,0.91,-1,-1,-1
160,10,286.30,103.88,19.20,48.38,0.91,-1,-1,-1
161,10,285.09,104.07,19.54,49.19,0.88,-1,-1,-1
162,10,283.92,104.09,19.94,50.14,0.87,-1,-1,-1
163,10,282.86,104.16,20.01,50.15,0.87,-1,-1,-1
164,10,280.93,104.00,20.97,52.70,0.86,-1,-1,-1
165,10,280.07,103.86,21.61,54.54,0.86,-1,-1,-1
166,10,279.12,104.13,22.43,56.90,0.85,-1,-1,-1
167,10,278.73,104.65,22.31,56.39,0.89,-1,-1,-1
168,10,278.41,105.38,22.70,57.09,0.88,-1,-1,-1
169,10,278.32,106.11,22.88,57.27,0.87,-1,-1,-1
170,10,278.00,105.83,23.99,59.98,0.85,-1,-1,-1
171,10,278.00,105.83,24.21,60.36,0.86,-1,-1,-1
172,10,278.04,106.22,24.29,60.02,0.90,-1,-1,-1
173,10,277.73,105.52,25.30,62.35,0.91,-1,-1,-1
174,10,277.74,105.72,25.76,63.49,0.91,-1,-1,-1
175,10,277.74,105.74,26.11,64.50,0.90,-1,-1,-1
176,10,277.69,105.39,27.00,67.16,0.91,-1,-1,-1
177,10,277.71,105.14,27.27,68.30,0.90,-1,-1,-1
178,10,277.78,105.53,27.11,68.55,0.89,-1,-1,-1
179,10,278.10,105.33,27.02,69.11,0.88,-1,-1,-1
180,10,278.15,104.69,27.14,70.20,0.88,-1,-1,-1
181,10,278.27,104.47,26.89,70.36,0.88,-1,-1,-1
182,10,278.17,104.17,26.70,70.68,0.89,-1,-1,-1
183,10,278.22,104.07,26.45,70.78,0.89,-1,-1,-1
184,10,278.87,109.12,24.94,66.91,0.87,-1,-1,-1
185,10,279.22,111.59,24.06,64.58,0.88,-1,-1,-1
186,10,278.79,111.09,24.88,67.09,0.87,-1,-1,-1
187,10,279.47,113.12,24.42,65.62,0.89,-1,-1,-1
188,10,279.14,111.97,25.16,67.57,0.90,-1,-1,-1
189,10,279.02,111.59,25.46,68.35,0.90,-1,-1,-1
190,10,280.17,115.71,24.35,65.36,0.86,-1,-1,-1
191,10,279.96,118.27,23.71,63.01,0.90,-1,-1,-1
192,10,280.12,119.74,23.65,62.59,0.90,-1,-1,-1
193,10,279.35,121.17,23.85,62.41,0.89,-1,-1,-1
194,10,279.38,122.52,24.04,62.52,0.89,-1,-1,-1
195,10,279.31,122.98,24.19,62.55,0.89,-1,-1,-1
196,10,280.53,125.36,23.67,61.55,0.88,-1,-1,-1
197,10,280.96,127.18,23.16,60.57,0.86,-1,-1,-1
198,10,280.00,129.21,23.17,60.81,0.84,-1,-1,-1
199,10,278.75,130.94,22.95,60.50,0.82,-1,-1,-1
200,10,277.86,132.81,22.77,60.35,0.83,-1,-1,-1
201,10,277.61,133.46,22.64,60.31,0.82,-1,-1,-1
202,10,277.83,135.40,23.52,63.52,0.79,-1,-1,-1
203,10,278.09,136.81,23.23,63.44,0.76,-1,-1,-1
204,10,278.06,138.35,23.41,64.70,0.82,-1,-1,-1
205,10,278.78,139.63,22.99,64.26,0.81,-1,-1,-1
206,10,278.93,140.77,22.37,62.86,0.81,-1,-1,-1
207,10,278.99,141.14,22.08,62.33,0.81,-1,-1,-1
208,10,277.70,130.99,26.87,78.71,0.57,-1,-1,-1
209,10,277.35,128.22,28.14,85.34,0.70,-1,-1,-1
210,10,277.89,129.09,27.96,87.70,0.69,-1,-1,-1
211,10,278.64,130.13,27.41,87.58,0.62,-1,-1,-1
212,10,278.43,135.10,26.28,84.20,0.70,-1,-1,-1
213,10,278.42,137.57,25.64,82.33,0.70,-1,-1,-1
214,10,279.25,141.39,24.63,78.31,0.51,-1,-1,-1
215,10,277.98,145.88,22.87,72.40,0.61,-1,-1,-1
216,10,276.85,147.73,21.91,69.60,0.79,-1,-1,-1
217,10,276.80,148.82,21.30,68.39,0.77,-1,-1,-1
226,10,277.02,147.43,22.14,70.56,0.53,-1,-1,-1
227,10,278.67,147.29,21.52,67.76,0.43,-1,-1,-1
229,10,276.32,155.79,23.57,77.87,0.73,-1,-1,-1
230,10,276.80,152.18,23.60,80.32,0.74,-1,-1,-1
231,10,277.25,150.76,22.91,79.92,0.74,-1,-1,-1
232,10,277.73,150.16,20.86,73.72,0.77,-1,-1,-1
233,10,277.48,150.23,20.08,71.75,0.73,-1,-1,-1
234,10,277.34,150.02,19.84,71.13,0.72,-1,-1,-1
235,10,276.59,149.39,19.61,70.41,0.78,-1,-1,-1
236,10,275.37,147.49,19.42,70.08,0.79,-1,-1,-1
237,10,274.86,146.77,19.29,69.99,0.79,-1,-1,-1
238,10,274.18,145.87,19.27,70.09,0.84,-1,-1,-1
239,10,273.30,145.06,19.05,69.54,0.85,-1,-1,-1
240,10,272.86,144.56,19.12,69.30,0.86,-1,-1,-1
241,10,272.46,144.49,18.78,67.12,0.89,-1,-1,-1
242,10,271.48,144.94,18.59,65.84,0.88,-1,-1,-1
243,10,271.14,144.99,18.68,65.67,0.88,-1,-1,-1
244,10,271.34,145.72,18.84,65.30,0.85,-1,-1,-1
245,10,271.11,147.39,18.97,64.53,0.85,-1,-1,-1
246,10,270.86,148.50,19.36,64.00,0.86,-1,-1,-1
247,10,270.65,150.16,19.97,63.74,0.84,-1,-1,-1
248,10,268.78,153.32,21.16,63.85,0.85,-1,-1,-1
249,10,267.98,154.49,22.18,63.91,0.85,-1,-1,-1
250,10,263.91,155.50,24.46,65.64,0.91,-1,-1,-1
251,10,264.90,156.37,24.84,63.80,0.90,-1,-1,-1
252,10,264.29,156.86,25.42,61.78,0.91,-1,-1,-1
253,10,262.09,157.02,26.62,61.64,0.91,-1,-1,-1
254,10,257.97,156.76,27.93,61.28,0.91,-1,-1,-1
255,10,256.05,156.65,29.23,61.23,0.91,-1,-1,-1
256,10,252.87,155.93,30.83,62.19,0.89,-1,-1,-1
257,10,248.53,154.03,33.42,66.15,0.86,-1,-1,-1
258,10,245.09,155.13,32.88,63.63,0.86,-1,-1,-1
259,10,241.17,155.04,33.57,65.01,0.83,-1,-1,-1
260,10,236.64,155.29,32.88,64.52,0.80,-1,-1,-1
261,10,235.10,155.33,32.37,64.31,0.81,-1,-1,-1
262,10,232.61,153.03,33.24,66.06,0.91,-1,-1,-1
263,10,230.30,150.82,34.52,68.39,0.93,-1,-1,-1
264,10,228.31,150.85,34.84,68.40,0.94,-1,-1,-1
265,10,226.04,150.13,34.95,68.15,0.94,-1,-1,-1
266,10,224.13,149.85,35.29,68.05,0.94,-1,-1,-1
267,10,223.37,149.77,35.61,67.97,0.94,-1,-1,-1
268,10,215.26,149.84,36.40,72.25,0.87,-1,-1,-1
269,10,211.22,150.14,35.28,73.09,0.89,-1,-1,-1
270,10,208.93,150.76,33.64,72.71,0.87,-1,-1,-1
271,10,207.20,151.38,32.26,72.21,0.88,-1,-1,-1
272,10,205.13,151.73,31.33,71.60,0.89,-1,-1,-1
273,10,204.59,151.85,30.60,71.29,0.89,-1,-1,-1
274,10,201.47,150.91,29.01,66.82,0.84,-1,-1,-1
275,10,199.02,150.05,30.00,67.75,0.85,-1,-1,-1
276,10,196.05,148.92,29.75,65.68,0.86,-1,-1,-1
277,10,194.73,147.77,32.99,71.04,0.89,-1,-1,-1
278,10,189.69,147.05,34.58,74.30,0.91,-1,-1,-1
279,10,187.80,146.79,35.26,75.56,0.91,-1,-1,-1
280,10,183.73,147.03,35.49,76.66,0.87,-1,-1,-1
281,10,180.29,147.26,35.16,76.61,0.88,-1,-1,-1
282,10,176.15,147.54,34.39,76.09,0.86,-1,-1,-1
283,10,170.92,147.48,33.45,75.71,0.92,-1,-1,-1
284,10,167.59,147.22,32.88,75.14,0.94,-1,-1,-1
285,10,166.55,147.12,32.50,74.94,0.94,-1,-1,-1
286,10,162.55,145.19,33.85,77.58,0.94,-1,-1,-1
287,10,159.15,143.73,35.10,79.87,0.95,-1,-1,-1
288,10,155.95,142.31,36.35,81.70,0.94,-1,-1,-1
289,10,152.29,141.55,37.54,82.78,0.94,-1,-1,-1
290,10,148.63,141.84,38.29,83.10,0.94,-1,-1,-1
291,10,147.18,141.92,38.91,83.25,0.94,-1,-1,-1
292,10,143.44,142.66,38.49,82.60,0.93,-1,-1,-1
293,10,140.11,143.07,37.48,81.68,0.94,-1,-1,-1
294,10,136.90,143.28,35.97,80.66,0.94,-1,-1,-1
295,10,132.74,143.05,34.64,80.16,0.93,-1,-1,-1
296,10,129.26,142.09,33.98,80.01,0.93,-1,-1,-1
297,10,128.25,141.74,33.41,79.95,0.93,-1,-1,-1
298,10,126.03,139.37,34.04,80.82,0.95,-1,-1,-1
299,10,124.21,137.91,34.73,81.18,0.95,-1,-1,-1
300,10,121.19,136.86,36.00,82.23,0.96,-1,-1,-1
301,10,117.32,136.22,37.77,83.93,0.96,-1,-1,-1
302,10,114.16,135.93,39.27,85.06,0.96,-1,-1,-1
303,10,112.79,135.84,40.35,85.44,0.96,-1,-1,-1
304,10,110.88,136.88,40.82,85.59,0.95,-1,-1,-1
305,10,109.17,137.52,40.41,84.97,0.95,-1,-1,-1
306,10,106.19,137.81,39.73,84.33,0.95,-1,-1,-1
307,10,102.63,137.71,38.88,83.58,0.95,-1,-1,-1
308,10,99.19,137.24,37.97,83.32,0.94,-1,-1,-1
309,10,98.21,137.09,37.21,83.18,0.94,-1,-1,-1
310,10,97.62,135.40,37.78,85.92,0.95,-1,-1,-1
311,10,97.62,134.49,38.22,88.21,0.96,-1,-1,-1
312,10,96.43,134.05,38.54,89.57,0.96,-1,-1,-1
313,10,94.43,133.95,38.73,89.64,0.96,-1,-1,-1
314,10,92.99,134.85,38.62,88.81,0.96,-1,-1,-1
315,10,92.45,135.23,38.70,88.48,0.96,-1,-1,-1
316,10,90.69,137.23,38.25,87.80,0.96,-1,-1,-1
317,10,89.66,138.59,37.25,86.97,0.95,-1,-1,-1
386,10,99.11,146.57,36.19,87.54,0.94,-1,-1,-1
387,10,103.02,149.55,34.99,87.52,0.94,-1,-1,-1
388,10,105.14,149.97,34.33,87.29,0.95,-1,-1,-1
389,10,108.31,147.05,35.12,89.52,0.93,-1,-1,-1
390,10,111.61,146.98,34.79,88.58,0.95,-1,-1,-1
391,10,114.98,147.12,34.15,87.16,0.94,-1,-1,-1
392,10,117.93,146.43,33.47,85.97,0.94,-1,-1,-1
393,10,119.05,146.13,33.11,85.55,0.94,-1,-1,-1
394,10,121.18,145.76,32.27,84.28,0.95,-1,-1,-1
395,10,122.58,143.24,31.65,84.64,0.90,-1,-1,-1
396,10,123.83,140.73,31.01,85.70,0.92,-1,-1,-1
397,10,126.10,138.93,30.33,86.48,0.90,-1,-1,-1
398,10,128.65,137.45,29.96,86.88,0.92,-1,-1,-1
399,10,129.70,136.93,29.53,86.99,0.92,-1,-1,-1
400,10,130.75,135.96,29.22,87.23,0.92,-1,-1,-1
401,10,132.75,135.07,28.88,86.92,0.93,-1,-1,-1
402,10,134.36,134.81,28.63,86.67,0.93,-1,-1,-1
403,10,135.80,134.78,28.37,86.26,0.93,-1,-1,-1
404,10,137.14,134.54,28.16,85.69,0.91,-1,-1,-1
405,10,137.65,134.49,28.12,85.54,0.91,-1,-1,-1
406,10,138.24,133.99,28.02,85.57,0.93,-1,-1,-1
407,10,140.85,132.26,28.00,85.59,0.93,-1,-1,-1
408,10,143.05,130.91,27.98,85.64,0.93,-1,-1,-1
409,10,145.65,129.44,27.50,84.35,0.92,-1,-1,-1
410,10,148.78,127.96,26.88,82.36,0.90,-1,-1,-1
411,10,149.87,127.43,26.67,81.64,0.90,-1,-1,-1
412,10,151.87,126.08,26.59,81.77,0.91,-1,-1,-1
413,10,156.28,123.55,26.23,81.66,0.92,-1,-1,-1
414,10,159.92,121.94,26.12,81.65,0.92,-1,-1,-1
415,10,162.48,120.65,25.79,81.67,0.92,-1,-1,-1
416,10,164.89,119.79,25.48,81.12,0.92,-1,-1,-1
417,10,165.79,119.51,25.27,80.79,0.92,-1,-1,-1
418,10,166.43,119.07,25.12,80.88,0.92,-1,-1,-1
419,10,168.71,118.28,25.58,82.75,0.92,-1,-1,-1
420,10,171.36,117.56,24.87,80.43,0.90,-1,-1,-1
421,10,173.80,117.33,24.53,79.54,0.90,-1,-1,-1
422,10,176.36,116.92,23.96,78.27,0.89,-1,-1,-1
423,10,177.27,116.79,23.63,77.73,0.89,-1,-1,-1
424,10,179.22,116.19,23.45,77.80,0.89,-1,-1,-1
425,10,182.29,114.83,23.48,79.21,0.90,-1,-1,-1
426,10,184.64,113.95,22.99,78.75,0.89,-1,-1,-1
427,10,186.73,112.41,22.82,79.25,0.88,-1,-1,-1
428,10,188.56,111.30,22.79,80.20,0.87,-1,-1,-1
429,10,189.30,110.89,22.61,80.54,0.87,-1,-1,-1
430,10,190.86,110.49,22.27,79.72,0.88,-1,-1,-1
431,10,194.67,109.78,20.94,73.13,0.87,-1,-1,-1
432,10,196.92,109.29,20.80,70.58,0.88,-1,-1,-1
433,10,198.34,109.45,20.66,68.65,0.90,-1,-1,-1
434,10,199.44,109.77,21.04,68.75,0.92,-1,-1,-1
435,10,199.65,109.87,21.38,68.76,0.92,-1,-1,-1
436,10,200.96,109.89,21.47,67.75,0.92,-1,-1,-1
437,10,203.52,109.50,21.64,66.67,0.92,-1,-1,-1
438,10,205.23,109.09,21.97,66.29,0.92,-1,-1,-1
439,10,206.57,108.46,22.81,67.90,0.92,-1,-1,-1
440,10,208.03,107.30,23.51,69.36,0.93,-1,-1,-1
441,10,208.45,106.86,23.91,69.93,0.92,-1,-1,-1
442,10,209.30,105.83,24.54,71.81,0.92,-1,-1,-1
443,10,211.80,102.97,25.14,75.00,0.88,-1,-1,-1
444,10,213.54,101.04,25.52,77.70,0.88,-1,-1,-1
445,10,215.37,100.13,25.33,78.76,0.88,-1,-1,-1
446,10,217.05,99.41,25.08,79.55,0.88,-1,-1,-1
447,10,217.74,99.17,24.75,79.89,0.88,-1,-1,-1
448,10,218.84,99.31,24.32,79.59,0.89,-1,-1,-1
449,10,222.25,99.45,23.60,78.80,0.90,-1,-1,-1
450,10,224.88,100.01,22.90,78.13,0.90,-1,-1,-1
451,10,227.35,99.96,22.22,77.56,0.91,-1,-1,-1
452,10,229.58,99.93,21.59,77.22,0.91,-1,-1,-1
453,10,230.49,99.98,21.06,77.07,0.91,-1,-1,-1
454,10,232.00,100.03,20.43,76.45,0.90,-1,-1,-1
455,10,235.09,98.66,19.77,75.43,0.88,-1,-1,-1
456,10,237.74,98.16,19.01,73.73,0.89,-1,-1,-1
457,10,239.81,97.51,18.54,73.49,0.87,-1,-1,-1
458,10,241.54,97.06,18.30,73.74,0.85,-1,-1,-1
459,10,242.15,96.54,18.15,74.26,0.84,-1,-1,-1
460,10,243.26,96.21,17.91,74.53,0.85,-1,-1,-1
461,10,245.17,95.55,18.02,75.51,0.87,-1,-1,-1
462,10,246.94,96.30,17.74,74.51,0.90,-1,-1,-1
463,10,248.57,96.59,17.60,73.75,0.91,-1,-1,-1
464,10,249.95,96.59,17.75,74.02,0.91,-1,-1,-1
465,10,250.39,96.54,17.87,74.13,0.91,-1,-1,-1
466,10,251.28,96.52,18.04,74.38,0.91,-1,-1,-1
467,10,253.19,96.04,18.34,74.58,0.93,-1,-1,-1
468,10,254.79,95.80,18.68,74.78,0.93,-1,-1,-1
469,10,256.62,95.55,18.92,74.65,0.93,-1,-1,-1
470,10,258.36,95.12,19.19,74.91,0.93,-1,-1,-1
471,10,258.89,94.98,19.41,74.98,0.93,-1,-1,-1
472,10,260.62,94.68,19.55,75.02,0.93,-1,-1,-1
473,10,264.30,94.10,19.17,73.44,0.92,-1,-1,-1
474,10,267.20,93.70,18.77,72.15,0.91,-1,-1,-1
475,10,270.02,93.06,18.47,71.22,0.90,-1,-1,-1
476,10,272.23,92.86,18.11,70.05,0.89,-1,-1,-1
477,10,273.00,92.81,17.94,69.61,0.89,-1,-1,-1
478,10,274.53,92.74,17.83,69.33,0.86,-1,-1,-1
479,10,277.64,92.11,18.28,70.40,0.81,-1,-1,-1
482,10,281.57,91.52,17.77,67.23,0.65,-1,-1,-1
483,10,281.75,91.46,17.92,66.79,0.65,-1,-1,-1
484,10,282.40,92.68,17.94,64.59,0.83,-1,-1,-1
485,10,285.53,92.51,18.57,67.35,0.84,-1,-1,-1
486,10,287.96,92.78,18.71,68.46,0.89,-1,-1,-1
487,10,289.57,92.06,18.83,69.18,0.89,-1,-1,-1
488,10,291.05,91.98,18.64,68.46,0.91,-1,-1,-1
489,10,291.55,92.01,18.55,68.11,0.91,-1,-1,-1
490,10,292.46,91.04,18.76,68.37,0.92,-1,-1,-1
491,10,293.82,89.10,19.22,68.71,0.93,-1,-1,-1
492,10,294.60,88.19,19.73,69.11,0.93,-1,-1,-1
493,10,295.32,87.83,20.15,69.11,0.93,-1,-1,-1
494,10,295.97,87.52,20.57,69.17,0.93,-1,-1,-1
495,10,296.07,87.40,20.96,69.24,0.93,-1,-1,-1
496,10,296.44,87.36,21.35,69.28,0.93,-1,-1,-1
497,10,297.56,87.02,21.71,69.50,0.94,-1,-1,-1
498,10,298.56,87.15,21.87,69.18,0.94,-1,-1,-1
499,10,299.23,87.07,22.09,69.43,0.94,-1,-1,-1
500,10,299.95,86.90,22.20,69.45,0.93,-1,-1,-1
501,10,300.14,86.85,22.32,69.54,0.93,-1,-1,-1
502,10,300.80,86.76,22.40,69.56,0.94,-1,-1,-1
503,10,302.15,86.38,22.29,69.19,0.93,-1,-1,-1
504,10,303.27,86.15,22.14,68.80,0.93,-1,-1,-1
505,10,304.30,85.81,21.90,68.15,0.92,-1,-1,-1
506,10,305.34,85.48,21.65,67.39,0.92,-1,-1,-1
507,10,305.69,85.37,21.56,67.13,0.92,-1,-1,-1
508,10,306.44,85.46,21.40,66.83,0.91,-1,-1,-1
509,10,308.24,85.26,21.19,66.75,0.89,-1,-1,-1
510,10,309.47,85.42,20.85,66.52,0.89,-1,-1,-1
511,10,310.50,86.01,20.48,66.10,0.88,-1,-1,-1
512,10,311.65,86.48,20.10,65.70,0.86,-1,-1,-1
513,10,312.10,86.69,19.81,65.51,0.86,-1,-1,-1
514,10,312.66,85.69,19.88,66.50,0.84,-1,-1,-1
515,10,313.55,85.12,19.84,67.06,0.87,-1,-1,-1
516,10,314.43,84.54,19.78,67.60,0.80,-1,-1,-1
517,10,315.08,84.67,19.48,67.51,0.43,-1,-1,-1
518,10,315.72,84.23,19.33,67.76,0.26,-1,-1,-1
519,10,316.00,84.04,19.21,68.05,0.20,-1,-1,-1
520,10,316.68,83.59,18.85,67.65,0.32,-1,-1,-1
521,10,317.86,82.55,18.71,67.70,0.88,-1,-1,-1
522,10,318.74,83.15,18.19,66.19,0.88,-1,-1,-1
523,10,319.35,82.40,18.03,66.08,0.87,-1,-1,-1
524,10,319.59,81.75,17.96,66.03,0.89,-1,-1,-1
525,10,319.66,81.43,17.93,66.11,0.89,-1,-1,-1
526,10,320.24,81.31,17.61,65.47,0.76,-1,-1,-1
527,10,320.89,80.85,17.62,65.65,0.88,-1,-1,-1
528,10,321.35,80.49,17.70,65.96,0.89,-1,-1,-1
529,10,321.69,80.50,17.76,65.92,0.88,-1,-1,-1
530,10,321.89,80.52,17.88,66.01,0.90,-1,-1,-1
531,10,321.92,80.56,17.98,66.03,0.90,-1,-1,-1
532,10,322.01,80.19,18.21,66.56,0.91,-1,-1,-1
533,10,322.28,80.17,18.45,66.80,0.89,-1,-1,-1
534,10,322.38,80.46,18.60,66.62,0.88,-1,-1,-1
535,10,322.61,80.22,18.79,66.78,0.91,-1,-1,-1
536,10,322.73,80.15,18.95,66.84,0.91,-1,-1,-1
537,10,322.73,80.15,19.07,66.82,0.91,-1,-1,-1
538,10,322.73,79.86,19.23,67.13,0.90,-1,-1,-1
539,10,322.81,79.52,19.47,67.57,0.90,-1,-1,-1
540,10,322.98,79.40,19.62,67.75,0.91,-1,-1,-1
541,10,322.99,79.57,19.58,67.55,0.89,-1,-1,-1
542,10,322.91,79.71,19.50,67.31,0.91,-1,-1,-1
543,10,322.91,79.77,19.45,67.19,0.91,-1,-1,-1
544,10,322.90,79.53,19.46,67.32,0.91,-1,-1,-1
545,10,323.08,79.42,19.28,66.76,0.87,-1,-1,-1
546,10,323.20,79.29,19.02,65.79,0.86,-1,-1,-1
547,10,323.34,79.00,18.91,65.43,0.86,-1,-1,-1
548,10,323.72,79.22,18.71,64.53,0.84,-1,-1,-1
549,10,323.84,79.32,18.65,64.18,0.84,-1,-1,-1
550,10,323.27,79.44,18.77,63.93,0.82,-1,-1,-1
551,10,324.02,79.17,18.54,64.07,0.84,-1,-1,-1
552,10,324.15,79.46,18.29,63.79,0.84,-1,-1,-1
553,10,323.80,79.01,18.31,64.49,0.84,-1,-1,-1
554,10,323.83,79.43,18.08,64.13,0.85,-1,-1,-1
555,10,323.88,79.59,17.93,64.03,0.85,-1,-1,-1
556,10,323.61,79.45,17.88,64.11,0.86,-1,-1,-1
557,10,323.48,79.07,17.91,64.19,0.88,-1,-1,-1
558,10,323.46,78.99,17.92,64.16,0.87,-1,-1,-1
559,10,323.48,79.08,17.86,64.02,0.86,-1,-1,-1
560,10,323.54,79.01,17.82,63.95,0.85,-1,-1,-1
561,10,323.53,78.88,17.82,64.03,0.85,-1,-1,-1
562,10,322.79,79.18,17.89,63.71,0.82,-1,-1,-1
563,10,322.95,80.68,17.55,62.53,0.88,-1,-1,-1
564,10,322.88,81.54,17.38,61.88,0.85,-1,-1,-1
565,10,322.68,81.13,17.48,62.34,0.85,-1,-1,-1
566,10,322.64,81.93,17.20,61.46,0.85,-1,-1,-1
567,10,322.62,82.11,17.10,61.26,0.85,-1,-1,-1
568,10,322.35,82.30,17.07,61.07,0.83,-1,-1,-1
569,10,322.34,84.39,16.51,59.13,0.84,-1,-1,-1
570,10,322.16,84.89,16.35,58.55,0.79,-1,-1,-1
571,10,321.90,85.63,16.20,57.79,0.75,-1,-1,-1
572,10,321.59,85.60,16.28,57.83,0.84,-1,-1,-1
573,10,321.50,85.58,16.34,57.85,0.84,-1,-1,-1
574,10,321.35,85.43,16.47,58.04,0.79,-1,-1,-1
575,10,321.50,85.98,16.36,57.28,0.77,-1,-1,-1
576,10,321.73,86.22,16.35,57.03,0.77,-1,-1,-1
577,10,321.39,85.81,16.59,57.46,0.75,-1,-1,-1
578,10,321.81,85.84,16.48,57.03,0.62,-1,-1,-1
579,10,322.00,85.87,16.45,56.86,0.63,-1,-1,-1
580,10,322.16,86.57,16.17,55.95,0.70,-1,-1,-1
581,10,321.74,86.40,16.31,56.27,0.47,-1,-1,-1
582,10,321.48,86.33,16.40,56.33,0.45,-1,-1,-1
583,10,320.80,85.32,16.82,57.45,0.71,-1,-1,-1
584,10,320.40,85.68,16.95,57.38,0.83,-1,-1,-1
585,10,320.23,86.36,16.97,56.90,0.83,-1,-1,-1
586,10,320.19,86.27,17.06,56.97,0.76,-1,-1,-1
587,10,319.63,85.83,17.40,57.61,0.80,-1,-1,-1
588,10,319.37,85.19,17.66,58.29,0.77,-1,-1,-1
589,10,319.00,85.83,17.68,57.83,0.84,-1,-1,-1
590,10,318.80,85.83,17.75,57.82,0.86,-1,-1,-1
591,10,318.71,85.84,17.80,57.77,0.84,-1,-1,-1
592,10,318.39,86.14,17.83,57.58,0.86,-1,-1,-1
593,10,317.21,85.93,17.98,57.64,0.78,-1,-1,-1
594,10,316.76,86.02,17.84,57.15,0.83,-1,-1,-1
595,10,315.91,86.28,17.71,56.75,0.69,-1,-1,-1
596,10,314.98,86.63,17.57,56.55,0.73,-1,-1,-1
597,10,314.78,86.84,17.42,56.36,0.76,-1,-1,-1
598,10,313.20,86.50,17.29,55.48,0.26,-1,-1,-1
599,10,312.62,86.24,17.21,54.75,0.52,-1,-1,-1
600,10,311.80,85.80,17.38,54.53,0.61,-1,-1,-1
601,10,310.20,84.93,18.00,55.00,0.79,-1,-1,-1
602,10,309.17,84.12,18.65,55.49,0.86,-1,-1,-1
603,10,308.67,83.84,19.13,55.61,0.86,-1,-1,-1
604,10,308.55,85.11,19.15,54.12,0.75,-1,-1,-1
617,10,297.19,85.37,19.16,52.83,0.62,-1,-1,-1
618,10,294.96,84.86,19.75,53.28,0.73,-1,-1,-1
619,10,293.50,85.35,20.01,52.78,0.68,-1,-1,-1
620,10,291.98,85.15,20.35,52.97,0.69,-1,-1,-1
621,10,291.47,85.04,20.59,53.11,0.68,-1,-1,-1
622,10,290.20,84.89,20.98,53.39,0.79,-1,-1,-1
623,10,288.85,84.26,21.02,53.93,0.82,-1,-1,-1
624,10,287.48,83.41,21.10,54.42,0.80,-1,-1,-1
625,10,286.19,82.87,21.13,55.03,0.83,-1,-1,-1
626,10,285.11,83.01,20.80,54.90,0.85,-1,-1,-1
627,10,284.81,83.17,20.50,54.77,0.86,-1,-1,-1
628,10,284.42,83.67,20.25,54.24,0.90,-1,-1,-1
629,10,283.29,83.90,20.31,53.75,0.91,-1,-1,-1
630,10,282.09,84.25,20.58,53.37,0.91,-1,-1,-1
631,10,281.13,84.83,20.88,52.82,0.92,-1,-1,-1
632,10,280.23,84.74,21.33,52.64,0.89,-1,-1,-1
633,10,279.81,84.73,21.75,52.56,0.89,-1,-1,-1
634,10,278.26,84.20,22.65,53.33,0.90,-1,-1,-1
635,10,275.89,85.19,22.65,51.79,0.89,-1,-1,-1
641,10,265.40,82.05,22.38,51.90,0.55,-1,-1,-1
642,10,262.22,81.68,23.14,52.83,0.78,-1,-1,-1
643,10,259.58,83.71,23.44,51.41,0.83,-1,-1,-1
644,10,257.08,82.10,24.79,53.07,0.85,-1,-1,-1
645,10,255.99,81.53,25.61,53.67,0.85,-1,-1,-1
647,10,254.49,83.68,24.57,50.55,0.80,-1,-1,-1
650,10,240.20,83.39,24.99,54.02,0.77,-1,-1,-1
651,10,238.70,83.34,24.17,54.58,0.76,-1,-1,-1
652,10,236.95,82.54,23.73,55.38,0.85,-1,-1,-1
653,10,235.09,81.85,23.69,56.86,0.86,-1,-1,-1
654,10,233.02,82.24,23.80,57.97,0.88,-1,-1,-1
655,10,230.80,81.34,24.66,60.27,0.92,-1,-1,-1
656,10,228.96,83.60,24.29,58.96,0.92,-1,-1,-1
657,10,228.35,84.42,24.21,58.45,0.92,-1,-1,-1
658,10,226.94,85.49,24.09,57.98,0.91,-1,-1,-1
659,10,225.20,86.28,23.75,57.54,0.89,-1,-1,-1
660,10,220.90,86.50,23.42,57.96,0.88,-1,-1,-1
661,10,218.25,86.47,23.05,58.25,0.91,-1,-1,-1
662,10,216.58,88.07,22.25,57.17,0.90,-1,-1,-1
663,10,216.17,88.67,21.74,56.75,0.90,-1,-1,-1
664,10,215.06,89.60,21.18,56.14,0.90,-1,-1,-1
665,10,213.02,88.67,21.71,58.29,0.91,-1,-1,-1
666,10,209.34,87.73,23.15,61.81,0.92,-1,-1,-1
667,10,206.92,87.77,24.18,63.94,0.93,-1,-1,-1
668,10,205.32,88.83,24.62,64.35,0.93,-1,-1,-1
669,10,204.71,89.19,24.94,64.53,0.93,-1,-1,-1
670,10,204.61,92.61,24.04,61.28,0.92,-1,-1,-1
671,10,203.82,93.41,24.06,61.08,0.92,-1,-1,-1
672,10,201.18,93.56,23.86,60.98,0.91,-1,-1,-1
673,10,199.18,93.66,23.44,60.84,0.91,-1,-1,-1
674,10,197.28,90.71,24.12,63.88,0.89,-1,-1,-1
675,10,196.76,89.58,24.09,65.00,0.90,-1,-1,-1
676,10,196.14,90.76,23.55,64.54,0.87,-1,-1,-1
677,10,195.61,91.52,23.14,64.81,0.83,-1,-1,-1
678,10,194.77,92.95,21.83,61.96,0.70,-1,-1,-1
679,10,194.48,95.63,20.41,57.71,0.82,-1,-1,-1
680,10,192.95,95.99,21.43,60.76,0.86,-1,-1,-1
681,10,192.46,96.18,21.75,61.82,0.86,-1,-1,-1
682,10,191.60,96.36,22.31,63.37,0.85,-1,-1,-1
683,10,190.08,97.16,22.52,63.30,0.86,-1,-1,-1
684,10,188.45,102.40,21.70,59.45,0.89,-1,-1,-1
685,10,187.39,104.56,21.67,58.06,0.90,-1,-1,-1
686,10,186.40,103.86,22.42,59.30,0.88,-1,-1,-1
687,10,185.99,103.59,22.86,59.79,0.89,-1,-1,-1
688,10,185.48,103.02,23.30,60.61,0.89,-1,-1,-1
689,10,184.89,99.69,24.44,63.86,0.89,-1,-1,-1
690,10,184.58,96.94,25.05,66.02,0.82,-1,-1,-1
691,10,183.89,95.05,25.26,67.07,0.89,-1,-1,-1
692,10,183.03,93.54,25.07,67.19,0.87,-1,-1,-1
693,10,182.80,93.06,24.86,67.22,0.87,-1,-1,-1
694,10,182.72,92.61,24.85,68.14,0.74,-1,-1,-1
695,10,180.80,89.13,24.83,68.34,0.55,-1,-1,-1
696,10,179.66,91.08,23.33,63.87,0.27,-1,-1,-1
697,10,179.51,92.05,22.86,62.51,0.71,-1,-1,-1
698,10,178.89,92.80,22.15,60.24,0.57,-1,-1,-1
699,10,178.64,93.09,21.97,59.47,0.54,-1,-1,-1
700,10,179.36,93.77,21.22,57.70,0.21,-1,-1,-1
701,10,179.60,93.91,20.72,56.30,0.54,-1,-1,-1
702,10,180.89,94.84,20.22,55.49,0.44,-1,-1,-1
703,10,181.95,95.94,19.48,54.08,0.17,-1,-1,-1
704,10,182.23,92.33,20.48,57.03,0.47,-1,-1,-1
705,10,182.28,91.27,20.69,57.83,0.54,-1,-1,-1
706,10,181.81,91.67,20.45,57.80,0.67,-1,-1,-1
707,10,182.02,91.03,19.71,56.73,0.55,-1,-1,-1
708,10,182.74,92.38,18.70,54.86,0.34,-1,-1,-1
709,10,183.50,92.71,18.45,55.05,0.56,-1,-1,-1
710,10,183.72,90.81,18.44,55.73,0.66,-1,-1,-1
711,10,183.86,90.05,18.35,56.12,0.67,-1,-1,-1
716,10,183.64,80.83,19.61,58.35,0.58,-1,-1,-1
717,10,183.46,79.98,20.13,58.60,0.67,-1,-1,-1
718,10,183.41,80.15,20.04,57.27,0.18,-1,-1,-1
719,10,183.26,80.00,21.01,59.89,0.88,-1,-1,-1
720,10,183.63,79.68,21.18,60.43,0.58,-1,-1,-1
721,10,184.06,79.45,21.55,62.32,0.79,-1,-1,-1
722,10,184.43,79.16,22.01,64.76,0.74,-1,-1,-1
723,10,184.73,79.08,21.95,65.63,0.74,-1,-1,-1
724,10,184.76,78.88,21.62,65.44,0.18,-1,-1,-1
725,10,184.49,78.90,21.33,64.72,0.75,-1,-1,-1
726,10,186.13,79.71,20.06,60.20,0.84,-1,-1,-1
727,10,186.99,80.11,19.68,58.65,0.82,-1,-1,-1
728,10,187.99,80.40,19.14,56.96,0.63,-1,-1,-1
729,10,188.31,80.44,19.00,56.47,0.58,-1,-1,-1
732,10,189.94,75.24,20.29,61.25,0.90,-1,-1,-1
733,10,190.44,74.40,19.94,60.77,0.22,-1,-1,-1
734,10,191.08,74.45,19.82,60.52,0.27,-1,-1,-1
735,10,191.34,74.36,19.72,60.44,0.37,-1,-1,-1
736,10,192.33,74.14,19.87,60.35,0.26,-1,-1,-1
737,10,193.07,73.78,20.32,60.73,0.59,-1,-1,-1
768,10,206.31,63.12,22.69,69.61,0.51,-1,-1,-1
769,10,206.68,61.97,22.51,69.88,0.70,-1,-1,-1
770,10,207.48,62.94,21.77,68.50,0.13,-1,-1,-1
771,10,207.76,63.13,21.47,68.41,0.14,-1,-1,-1
772,10,208.06,65.14,21.01,66.40,0.11,-1,-1,-1
773,10,208.15,67.43,20.73,64.70,0.62,-1,-1,-1
774,10,207.38,66.42,22.02,69.75,0.46,-1,-1,-1
775,10,207.72,67.63,21.79,69.41,0.49,-1,-1,-1
776,10,208.50,67.87,21.16,67.73,0.53,-1,-1,-1
777,10,208.75,68.38,20.81,66.86,0.65,-1,-1,-1
778,10,208.76,68.10,21.01,67.92,0.29,-1,-1,-1
779,10,208.82,65.22,21.65,70.69,0.76,-1,-1,-1
780,10,209.09,64.07,21.60,70.94,0.55,-1,-1,-1
781,10,208.80,62.60,21.81,72.12,0.69,-1,-1,-1
786,10,207.66,63.74,21.45,71.36,0.82,-1,-1,-1
787,10,206.77,64.87,21.64,72.13,0.87,-1,-1,-1
788,10,206.31,66.19,21.64,72.17,0.87,-1,-1,-1
789,10,206.11,66.69,21.62,72.16,0.87,-1,-1,-1
790,10,205.93,67.69,21.52,71.88,0.89,-1,-1,-1
791,10,205.20,69.35,21.63,72.11,0.89,-1,-1,-1
792,10,204.04,72.75,21.55,71.13,0.88,-1,-1,-1
793,10,203.18,75.05,21.94,71.96,0.88,-1,-1,-1
794,10,202.88,77.41,21.77,70.81,0.87,-1,-1,-1
795,10,202.75,78.22,21.79,70.33,0.86,-1,-1,-1
796,10,202.19,79.89,22.17,71.15,0.82,-1,-1,-1
797,10,202.37,82.43,22.19,71.16,0.87,-1,-1,-1
798,10,202.48,86.44,22.03,70.50,0.85,-1,-1,-1
799,10,202.25,89.22,22.25,71.11,0.85,-1,-1,-1
802,10,202.43,94.37,22.07,70.31,0.70,-1,-1,-1
803,10,202.24,96.41,22.20,70.86,0.56,-1,-1,-1
804,10,202.15,99.76,22.26,70.82,0.41,-1,-1,-1
805,10,201.79,101.83,23.01,73.42,0.79,-1,-1,-1
806,10,201.93,103.04,23.48,75.12,0.88,-1,-1,-1
807,10,202.05,103.39,23.65,75.82,0.88,-1,-1,-1
808,10,202.39,105.10,23.28,74.54,0.87,-1,-1,-1
809,10,202.57,107.47,23.48,75.23,0.88,-1,-1,-1
810,10,202.86,110.21,24.04,77.25,0.90,-1,-1,-1
811,10,203.17,111.46,24.48,78.87,0.90,-1,-1,-1
812,10,203.49,112.57,24.51,78.98,0.90,-1,-1,-1
813,10,203.60,112.91,24.53,79.06,0.90,-1,-1,-1
814,10,203.92,113.10,24.39,78.60,0.90,-1,-1,-1
815,10,204.07,113.45,24.67,79.72,0.92,-1,-1,-1
816,10,204.43,114.35,24.96,80.83,0.93,-1,-1,-1
817,10,204.50,115.04,25.23,81.93,0.92,-1,-1,-1
818,10,204.69,115.96,25.41,82.73,0.91,-1,-1,-1
819,10,204.76,116.26,25.45,83.04,0.91,-1,-1,-1
820,10,204.89,117.16,25.71,83.87,0.90,-1,-1,-1
821,10,205.27,118.43,25.73,83.95,0.90,-1,-1,-1
822,10,206.41,120.12,25.62,84.30,0.90,-1,-1,-1
823,10,208.35,121.84,24.17,79.72,0.86,-1,-1,-1
824,10,209.55,122.87,22.86,75.11,0.86,-1,-1,-1
825,10,209.92,123.18,22.54,73.91,0.85,-1,-1,-1
826,10,210.41,123.42,22.43,73.21,0.82,-1,-1,-1
827,10,210.67,123.84,22.27,71.91,0.87,-1,-1,-1
828,10,210.57,123.96,22.92,73.32,0.88,-1,-1,-1
829,10,210.98,123.77,23.31,74.08,0.89,-1,-1,-1
830,10,211.32,123.65,23.59,74.49,0.90,-1,-1,-1
831,10,211.44,123.56,23.73,74.48,0.90,-1,-1,-1
832,10,211.60,123.55,24.02,75.01,0.89,-1,-1,-1
833,10,212.36,123.52,24.01,74.45,0.88,-1,-1,-1
834,10,213.40,123.57,24.21,75.08,0.87,-1,-1,-1
835,10,214.68,124.95,25.68,80.35,0.91,-1,-1,-1
836,10,216.05,126.05,25.98,81.76,0.90,-1,-1,-1
837,10,216.62,126.44,26.00,82.27,0.90,-1,-1,-1
838,10,217.58,127.23,25.90,81.98,0.90,-1,-1,-1
839,10,219.48,129.16,25.54,80.53,0.90,-1,-1,-1
840,10,221.42,130.44,25.40,79.50,0.89,-1,-1,-1
841,10,225.01,130.89,25.33,78.89,0.89,-1,-1,-1
842,10,227.23,129.94,25.47,79.20,0.87,-1,-1,-1
843,10,228.10,129.47,25.53,79.32,0.87,-1,-1,-1
844,10,230.30,128.69,25.57,79.09,0.87,-1,-1,-1
845,10,233.51,129.12,25.05,77.04,0.87,-1,-1,-1
846,10,236.18,128.24,25.04,76.99,0.86,-1,-1,-1
847,10,240.22,127.12,24.95,75.63,0.83,-1,-1,-1
848,10,242.39,126.52,25.03,74.56,0.85,-1,-1,-1
849,10,242.99,126.28,25.29,74.18,0.85,-1,-1,-1
850,10,244.81,125.16,25.93,74.99,0.85,-1,-1,-1
851,10,247.59,123.37,26.87,77.19,0.84,-1,-1,-1
852,10,249.26,121.84,27.73,78.74,0.86,-1,-1,-1
853,10,253.90,119.43,28.70,80.74,0.84,-1,-1,-1
854,10,256.65,118.59,29.08,80.97,0.88,-1,-1,-1
855,10,257.55,118.30,29.40,81.03,0.88,-1,-1,-1
856,10,259.43,118.16,29.40,80.44,0.88,-1,-1,-1
857,10,262.05,118.20,29.39,79.41,0.89,-1,-1,-1
858,10,264.94,117.72,29.49,78.70,0.89,-1,-1,-1
859,10,272.10,115.38,29.34,78.55,0.89,-1,-1,-1
860,10,277.96,114.25,28.66,77.82,0.90,-1,-1,-1
861,10,280.17,113.86,28.18,77.54,0.90,-1,-1,-1
862,10,282.72,112.13,28.38,78.24,0.90,-1,-1,-1
863,10,284.74,109.31,29.07,79.69,0.92,-1,-1,-1
864,10,287.44,107.29,29.85,80.82,0.90,-1,-1,-1
865,10,291.23,103.93,31.59,83.52,0.90,-1,-1,-1
866,10,294.06,102.97,32.85,84.27,0.91,-1,-1,-1
867,10,294.79,102.70,33.82,84.48,0.91,-1,-1,-1
868,10,296.72,102.51,34.74,85.16,0.91,-1,-1,-1
869,10,300.60,103.99,34.61,83.74,0.91,-1,-1,-1
870,10,305.96,105.19,34.43,82.29,0.91,-1,-1,-1
871,10,313.47,105.50,33.40,80.60,0.87,-1,-1,-1
872,10,320.47,105.43,32.33,79.12,0.87,-1,-1,-1
873,10,323.11,105.38,31.83,78.82,0.86,-1,-1,-1
874,10,324.86,104.56,31.63,78.98,0.90,-1,-1,-1
875,10,328.00,103.72,32.70,80.84,0.86,-1,-1,-1
876,10,330.68,102.66,33.85,82.67,0.87,-1,-1,-1
877,10,335.21,101.60,34.96,84.22,0.92,-1,-1,-1
878,10,339.13,101.69,35.72,84.88,0.92,-1,-1,-1
879,10,340.38,101.78,36.23,85.08,0.92,-1,-1,-1
880,10,342.97,103.59,36.15,84.56,0.92,-1,-1,-1
881,10,347.02,105.00,35.38,82.97,0.91,-1,-1,-1
882,10,352.24,106.05,34.48,81.53,0.88,-1,-1,-1
883,10,360.83,104.87,33.56,81.50,0.85,-1,-1,-1
884,10,364.03,104.22,33.25,81.07,0.84,-1,-1,-1
885,10,365.16,103.86,33.10,81.05,0.84,-1,-1,-1
886,10,368.95,102.91,33.03,81.61,0.89,-1,-1,-1
887,10,371.53,101.76,33.26,82.36,0.90,-1,-1,-1
888,10,374.47,100.59,34.35,84.12,0.88,-1,-1,-1
889,10,378.68,100.95,35.95,85.94,0.94,-1,-1,-1
890,10,381.57,101.95,37.41,87.79,0.93,-1,-1,-1
891,10,382.40,102.31,38.35,88.50,0.93,-1,-1,-1
892,10,384.18,104.17,38.35,87.77,0.94,-1,-1,-1
893,10,388.14,106.14,37.49,85.71,0.94,-1,-1,-1
894,10,393.32,108.09,36.57,83.39,0.93,-1,-1,-1
895,10,403.42,108.32,35.22,81.81,0.94,-1,-1,-1
896,10,408.98,107.78,34.42,81.01,0.93,-1,-1,-1
897,10,410.98,107.61,33.87,80.67,0.93,-1,-1,-1
898,10,412.36,105.63,35.29,84.80,0.92,-1,-1,-1
899,10,414.78,106.39,35.80,86.23,0.90,-1,-1,-1
900,10,417.21,106.40,36.85,88.62,0.91,-1,-1,-1
901,10,421.84,107.40,37.92,90.97,0.93,-1,-1,-1
902,10,425.69,109.43,38.06,91.20,0.93,-1,-1,-1
903,10,427.02,110.19,38.14,91.29,0.93,-1,-1,-1
904,10,430.48,111.19,37.62,90.31,0.93,-1,-1,-1
905,10,435.12,112.27,36.76,88.90,0.92,-1,-1,-1
906,10,440.86,113.72,35.63,86.99,0.88,-1,-1,-1
907,10,447.27,114.02,34.46,85.47,0.93,-1,-1,-1
908,10,449.95,114.02,33.56,84.58,0.93,-1,-1,-1
909,10,450.96,114.04,32.94,84.25,0.93,-1,-1,-1
910,10,450.94,111.51,33.60,87.64,0.85,-1,-1,-1
911,10,452.03,112.82,32.16,85.29,0.47,-1,-1,-1
912,10,453.22,114.78,29.81,79.77,0.40,-1,-1,-1
913,10,455.53,117.44,27.50,74.71,0.21,-1,-1,-1
914,10,456.70,118.38,28.31,79.32,0.20,-1,-1,-1
915,10,457.73,119.05,27.42,79.11,0.20,-1,-1,-1
916,10,459.87,121.71,25.90,77.94,0.16,-1,-1,-1
