0,4,203.84,138.25,26.40,47.56,0.88,-1,-1,-1
1,4,204.24,138.28,26.30,47.36,0.89,-1,-1,-1
2,4,205.19,137.64,27.23,48.94,0.91,-1,-1,-1
3,4,205.52,137.57,27.44,49.19,0.91,-1,-1,-1
4,4,206.01,137.37,27.83,49.81,0.89,-1,-1,-1
5,4,206.50,137.44,28.24,50.51,0.90,-1,-1,-1
6,4,207.38,137.84,28.08,50.17,0.88,-1,-1,-1
7,4,208.49,137.59,27.91,49.85,0.90,-1,-1,-1
8,4,209.47,137.50,27.85,49.43,0.92,-1,-1,-1
9,4,209.74,137.45,27.94,49.28,0.92,-1,-1,-1
10,4,209.57,136.92,28.41,49.69,0.92,-1,-1,-1
11,4,209.32,136.77,28.64,49.66,0.92,-1,-1,-1
12,4,208.74,136.27,29.02,50.06,0.94,-1,-1,-1
13,4,208.07,134.81,29.86,51.48,0.94,-1,-1,-1
14,4,207.55,132.69,30.10,52.57,0.91,-1,-1,-1
15,4,207.45,131.91,29.95,52.97,0.91,-1,-1,-1
16,4,207.44,130.99,29.53,53.13,0.90,-1,-1,-1
17,4,207.46,129.86,28.70,52.84,0.90,-1,-1,-1
18,4,207.91,129.08,27.89,52.73,0.90,-1,-1,-1
19,4,208.51,127.59,27.38,53.38,0.91,-1,-1,-1
20,4,209.76,127.21,25.86,52.35,0.88,-1,-1,-1
21,4,210.47,127.09,24.75,51.91,0.88,-1,-1,-1
22,4,211.83,126.86,23.83,51.62,0.85,-1,-1,-1
23,4,213.38,127.10,22.93,51.54,0.85,-1,-1,-1
24,4,214.63,127.26,22.45,52.54,0.85,-1,-1,-1
25,4,216.39,127.55,21.66,52.60,0.77,-1,-1,-1
26,4,219.82,127.62,20.51,50.48,0.83,-1,-1,-1
27,4,221.18,127.67,19.90,49.58,0.83,-1,-1,-1
28,4,221.95,127.57,19.46,48.89,0.84,-1,-1,-1
29,4,223.02,127.06,19.21,48.38,0.87,-1,-1,-1
30,4,223.42,126.80,19.08,48.15,0.87,-1,-1,-1
31,4,223.58,126.33,19.05,48.23,0.88,-1,-1,-1
32,4,224.15,124.63,19.69,49.91,0.85,-1,-1,-1
33,4,224.30,124.02,19.89,50.52,0.85,-1,-1,-1
34,4,224.26,123.65,19.83,50.96,0.86,-1,-1,-1
35,4,225.52,122.55,19.75,51.86,0.84,-1,-1,-1
36,4,226.57,121.44,19.86,53.54,0.86,-1,-1,-1
37,4,228.41,120.35,19.76,54.96,0.83,-1,-1,-1
38,4,231.32,119.16,19.38,55.32,0.83,-1,-1,-1
39,4,232.59,118.73,18.95,55.40,0.83,-1,-1,-1
40,4,234.92,118.40,18.97,55.74,0.84,-1,-1,-1
41,4,237.04,118.31,18.89,55.61,0.89,-1,-1,-1
42,4,238.52,118.49,18.66,55.33,0.88,-1,-1,-1
43,4,239.48,118.91,18.34,55.06,0.89,-1,-1,-1
44,4,240.62,120.23,17.84,53.74,0.89,-1,-1,-1
45,4,241.03,120.74,17.60,53.18,0.89,-1,-1,-1
46,4,242.04,121.07,17.70,52.84,0.91,-1,-1,-1
47,4,243.43,121.77,17.97,52.06,0.91,-1,-1,-1
48,4,243.91,121.63,18.45,52.23,0.89,-1,-1,-1
49,4,244.83,121.43,19.02,52.16,0.90,-1,-1,-1
50,4,246.61,121.50,19.56,51.92,0.87,-1,-1,-1
51,4,247.07,121.54,20.06,51.77,0.86,-1,-1,-1
52,4,247.40,121.09,20.51,51.87,0.87,-1,-1,-1
53,4,248.32,120.96,20.37,50.79,0.89,-1,-1,-1
54,4,249.63,120.63,20.34,49.98,0.89,-1,-1,-1
55,4,245.90,116.81,20.74,50.99,0.82,-1,-1,-1
56,4,244.38,115.03,20.60,49.84,0.85,-1,-1,-1
57,4,243.47,114.59,20.71,49.44,0.85,-1,-1,-1
58,4,243.34,114.09,19.67,46.19,0.88,-1,-1,-1
59,4,244.00,113.80,19.32,45.23,0.89,-1,-1,-1
60,4,243.72,113.41,19.26,44.70,0.90,-1,-1,-1
61,4,240.82,112.21,20.25,45.42,0.92,-1,-1,-1
62,4,238.42,111.79,21.10,45.63,0.92,-1,-1,-1
63,4,237.35,111.65,21.82,45.68,0.92,-1,-1,-1
64,4,236.34,111.81,22.64,46.14,0.92,-1,-1,-1
65,4,235.78,111.90,23.06,46.03,0.91,-1,-1,-1
66,4,234.59,112.21,23.35,46.09,0.91,-1,-1,-1
67,4,233.17,112.17,23.59,46.44,0.91,-1,-1,-1
68,4,232.13,112.47,22.96,46.25,0.88,-1,-1,-1
69,4,231.88,112.61,22.49,46.31,0.88,-1,-1,-1
70,4,231.48,112.73,21.86,46.28,0.86,-1,-1,-1
71,4,230.97,112.71,21.41,47.17,0.81,-1,-1,-1
72,4,230.98,112.72,20.65,47.31,0.80,-1,-1,-1
73,4,230.46,112.42,20.79,49.21,0.85,-1,-1,-1
74,4,229.51,112.29,20.74,50.16,0.81,-1,-1,-1
75,4,229.00,112.21,20.53,50.51,0.82,-1,-1,-1
76,4,228.75,111.96,20.51,51.37,0.82,-1,-1,-1
77,4,228.29,112.02,20.43,51.88,0.85,-1,-1,-1
78,4,228.33,112.32,20.27,52.32,0.80,-1,-1,-1
79,4,228.69,112.85,19.84,52.19,0.85,-1,-1,-1
80,4,229.06,113.32,19.44,52.04,0.83,-1,-1,-1
81,4,229.35,113.51,19.10,51.95,0.83,-1,-1,-1
82,4,229.85,113.85,18.71,51.84,0.83,-1,-1,-1
83,4,230.05,113.80,18.42,51.83,0.82,-1,-1,-1
84,4,230.30,113.84,18.18,51.90,0.79,-1,-1,-1
85,4,230.68,113.40,17.97,52.15,0.78,-1,-1,-1
86,4,231.34,112.32,17.90,53.37,0.81,-1,-1,-1
87,4,231.73,111.93,17.60,53.82,0.82,-1,-1,-1
88,4,232.21,111.68,17.26,54.15,0.82,-1,-1,-1
89,4,233.23,112.07,16.67,54.00,0.79,-1,-1,-1
90,4,233.96,111.98,16.28,54.49,0.77,-1,-1,-1
91,4,234.37,112.47,15.92,54.56,0.80,-1,-1,-1
92,4,233.74,113.03,15.94,55.18,0.86,-1,-1,-1
93,4,233.54,113.25,15.86,55.42,0.86,-1,-1,-1
94,4,233.76,113.60,15.72,55.53,0.89,-1,-1,-1
95,4,234.19,114.12,15.65,55.97,0.90,-1,-1,-1
96,4,234.80,114.38,15.46,56.10,0.91,-1,-1,-1
97,4,235.33,115.03,15.20,55.99,0.89,-1,-1,-1
98,4,235.88,115.37,15.19,56.66,0.87,-1,-1,-1
99,4,236.15,115.52,15.07,56.89,0.87,-1,-1,-1
100,4,236.34,116.70,14.78,56.01,0.87,-1,-1,-1
101,4,236.69,118.07,14.43,54.86,0.87,-1,-1,-1
102,4,237.00,119.04,14.23,54.09,0.84,-1,-1,-1
103,4,236.80,119.43,14.21,53.98,0.86,-1,-1,-1
104,4,236.29,119.93,14.68,55.26,0.83,-1,-1,-1
105,4,236.09,120.12,14.92,55.75,0.83,-1,-1,-1
106,4,235.82,120.89,14.89,55.22,0.83,-1,-1,-1
107,4,234.77,119.97,15.30,55.63,0.82,-1,-1,-1
108,4,233.98,119.21,15.73,56.12,0.83,-1,-1,-1
109,4,233.59,118.80,15.98,56.32,0.82,-1,-1,-1
110,4,233.79,118.20,16.10,56.80,0.85,-1,-1,-1
111,4,233.84,117.98,16.13,56.96,0.85,-1,-1,-1
112,4,234.02,117.99,16.05,56.91,0.87,-1,-1,-1
113,4,233.96,117.74,16.10,57.14,0.85,-1,-1,-1
114,4,233.74,117.63,16.25,57.45,0.87,-1,-1,-1
115,4,234.11,118.12,16.20,57.38,0.89,-1,-1,-1
116,4,234.65,119.68,15.95,56.26,0.91,-1,-1,-1
117,4,234.81,120.28,15.90,55.85,0.91,-1,-1,-1
118,4,234.38,120.85,15.92,55.40,0.91,-1,-1,-1
119,4,233.54,121.10,16.13,55.27,0.91,-1,-1,-1
120,4,231.17,120.97,16.91,55.59,0.84,-1,-1,-1
121,4,231.21,121.09,17.14,55.44,0.92,-1,-1,-1
122,4,229.85,120.81,17.54,55.45,0.89,-1,-1,-1
123,4,229.23,120.69,17.90,55.47,0.89,-1,-1,-1
124,4,227.66,121.61,18.21,54.52,0.88,-1,-1,-1
125,4,226.02,121.38,19.00,54.87,0.90,-1,-1,-1
126,4,224.88,121.35,19.57,54.86,0.90,-1,-1,-1
127,4,224.06,121.32,20.05,54.92,0.90,-1,-1,-1
128,4,222.28,121.41,20.30,54.61,0.91,-1,-1,-1
129,4,221.54,121.38,20.59,54.52,0.91,-1,-1,-1
130,4,220.14,121.97,20.64,53.77,0.92,-1,-1,-1
131,4,217.95,121.33,21.29,54.80,0.92,-1,-1,-1
132,4,216.09,121.87,21.40,54.43,0.91,-1,-1,-1
133,4,214.30,122.26,21.21,53.75,0.91,-1,-1,-1
134,4,212.25,122.73,20.93,53.82,0.88,-1,-1,-1
135,4,211.57,122.84,20.68,53.90,0.89,-1,-1,-1
136,4,211.23,122.92,20.42,54.07,0.87,-1,-1,-1
137,4,210.33,123.10,20.30,54.56,0.74,-1,-1,-1
138,4,209.71,123.07,20.38,55.68,0.82,-1,-1,-1
139,4,209.21,123.11,20.24,56.31,0.84,-1,-1,-1
140,4,208.70,123.97,19.69,55.98,0.82,-1,-1,-1
141,4,208.67,124.40,19.22,55.73,0.82,-1,-1,-1
142,4,207.90,125.06,18.56,54.30,0.82,-1,-1,-1
143,4,206.44,125.18,18.62,54.63,0.78,-1,-1,-1
144,4,203.94,124.83,19.54,56.82,0.81,-1,-1,-1
145,4,203.85,125.18,18.70,54.48,0.73,-1,-1,-1
146,4,203.80,124.86,17.60,49.99,0.87,-1,-1,-1
147,4,203.79,124.77,17.32,48.06,0.87,-1,-1,-1
148,4,202.79,124.72,18.57,50.69,0.88,-1,-1,-1
149,4,201.83,124.22,19.11,50.78,0.89,-1,-1,-1
150,4,200.55,124.29,20.33,52.83,0.85,-1,-1,-1
151,4,199.27,124.23,21.65,54.99,0.86,-1,-1,-1
152,4,195.86,124.29,21.46,52.94,0.88,-1,-1,-1
153,4,194.43,124.32,21.71,52.20,0.88,-1,-1,-1
154,4,192.73,124.44,22.34,51.85,0.88,-1,-1,-1
155,4,191.01,124.32,23.20,52.12,0.90,-1,-1,-1
156,4,188.98,124.39,24.10,51.98,0.92,-1,-1,-1
157,4,187.10,124.45,25.28,52.50,0.93,-1,-1,-1
158,4,184.59,124.72,26.08,52.04,0.94,-1,-1,-1
159,4,183.44,124.77,26.93,51.91,0.94,-1,-1,-1
160,4,182.14,124.75,27.67,51.92,0.94,-1,-1,-1
161,4,180.90,124.46,28.21,51.74,0.94,-1,-1,-1
162,4,179.62,124.25,28.72,51.63,0.94,-1,-1,-1
163,4,178.89,123.98,29.33,51.93,0.95,-1,-1,-1
164,4,178.13,123.24,30.15,52.77,0.94,-1,-1,-1
165,4,177.81,123.04,30.61,53.01,0.94,-1,-1,-1
166,4,177.35,123.02,30.93,53.04,0.94,-1,-1,-1
167,4,176.88,122.73,31.39,53.48,0.94,-1,-1,-1
168,4,176.59,122.71,31.53,53.61,0.94,-1,-1,-1
169,4,176.36,122.60,31.60,53.67,0.94,-1,-1,-1
170,4,175.96,122.54,31.51,53.59,0.94,-1,-1,-1
171,4,175.86,122.52,31.44,53.54,0.94,-1,-1,-1
172,4,175.24,122.39,31.20,53.50,0.93,-1,-1,-1
173,4,174.53,122.17,31.15,53.94,0.93,-1,-1,-1
174,4,173.92,122.11,31.04,54.23,0.93,-1,-1,-1
175,4,173.06,122.20,31.32,55.23,0.93,-1,-1,-1
176,4,172.45,122.11,31.21,55.41,0.93,-1,-1,-1
177,4,172.29,122.07,31.08,55.49,0.93,-1,-1,-1
178,4,170.73,122.60,31.19,55.92,0.93,-1,-1,-1
179,4,169.53,123.12,31.24,56.03,0.94,-1,-1,-1
180,4,168.41,123.16,31.27,56.00,0.94,-1,-1,-1
181,4,167.52,123.02,31.47,56.22,0.94,-1,-1,-1
182,4,166.81,122.91,31.59,56.33,0.94,-1,-1,-1
183,4,166.55,122.87,31.64,56.35,0.94,-1,-1,-1
184,4,164.95,122.37,32.07,57.21,0.93,-1,-1,-1
185,4,163.86,122.29,31.97,57.35,0.93,-1,-1,-1
186,4,162.62,121.94,31.81,57.57,0.92,-1,-1,-1
187,4,161.59,121.29,31.77,58.29,0.92,-1,-1,-1
188,4,160.49,120.90,31.58,59.17,0.92,-1,-1,-1
189,4,160.29,120.77,31.15,59.48,0.92,-1,-1,-1
190,4,160.17,120.72,30.60,59.87,0.92,-1,-1,-1
191,4,160.41,120.60,30.23,60.89,0.93,-1,-1,-1
192,4,160.65,121.08,29.46,60.83,0.93,-1,-1,-1
193,4,161.39,121.96,28.71,60.69,0.92,-1,-1,-1
194,4,162.04,122.91,28.08,60.55,0.93,-1,-1,-1
195,4,162.46,123.25,27.54,60.50,0.93,-1,-1,-1
196,4,162.70,124.85,27.15,60.59,0.93,-1,-1,-1
197,4,162.92,126.36,26.76,60.49,0.93,-1,-1,-1
198,4,162.91,127.55,26.69,61.18,0.93,-1,-1,-1
199,4,163.06,128.76,26.59,61.70,0.93,-1,-1,-1
200,4,163.45,130.57,26.21,61.29,0.93,-1,-1,-1
201,4,163.66,131.26,25.95,61.11,0.93,-1,-1,-1
202,4,164.30,134.31,25.81,60.42,0.92,-1,-1,-1
203,4,164.61,137.06,26.00,60.32,0.93,-1,-1,-1
204,4,164.99,139.69,26.05,59.77,0.94,-1,-1,-1
205,4,165.17,141.55,26.44,60.00,0.94,-1,-1,-1
206,4,165.25,142.55,27.04,60.66,0.93,-1,-1,-1
207,4,165.18,142.86,27.43,60.91,0.93,-1,-1,-1
208,4,166.27,144.54,27.70,61.24,0.93,-1,-1,-1
209,4,167.51,145.46,28.17,62.36,0.93,-1,-1,-1
210,4,169.37,146.95,27.88,62.11,0.93,-1,-1,-1
211,4,171.18,147.10,27.90,63.04,0.93,-1,-1,-1
212,4,173.11,147.29,27.66,63.87,0.93,-1,-1,-1
213,4,174.04,147.36,27.22,64.13,0.93,-1,-1,-1
214,4,176.40,147.73,26.91,65.39,0.92,-1,-1,-1
215,4,177.99,148.35,26.11,64.84,0.92,-1,-1,-1
216,4,179.24,149.07,25.64,64.67,0.92,-1,-1,-1
217,4,180.54,150.16,25.45,64.52,0.93,-1,-1,-1
218,4,183.24,152.20,25.68,63.20,0.93,-1,-1,-1
219,4,184.01,152.95,26.13,62.70,0.93,-1,-1,-1
220,4,184.48,153.89,27.28,63.06,0.91,-1,-1,-1
221,4,184.19,154.23,29.21,65.20,0.91,-1,-1,-1
222,4,185.33,155.83,29.17,62.59,0.89,-1,-1,-1
223,4,185.37,155.24,30.33,62.94,0.91,-1,-1,-1
224,4,188.32,155.18,30.26,61.67,0.93,-1,-1,-1
225,4,189.22,155.05,30.54,61.26,0.93,-1,-1,-1
226,4,190.22,154.93,30.87,61.51,0.93,-1,-1,-1
227,4,192.20,154.34,30.97,62.07,0.94,-1,-1,-1
228,4,194.58,153.96,30.73,62.24,0.93,-1,-1,-1
229,4,197.21,152.59,30.82,63.70,0.93,-1,-1,-1
230,4,201.97,150.49,30.61,65.70,0.92,-1,-1,-1
231,4,204.04,149.68,29.88,66.45,0.92,-1,-1,-1
232,4,207.23,148.83,28.96,67.43,0.90,-1,-1,-1
233,4,210.30,148.47,27.66,67.40,0.90,-1,-1,-1
234,4,212.69,148.34,26.42,67.35,0.90,-1,-1,-1
235,4,215.82,148.76,25.59,67.36,0.86,-1,-1,-1
236,4,221.26,150.35,24.83,65.41,0.90,-1,-1,-1
237,4,223.23,150.95,24.58,64.80,0.90,-1,-1,-1
238,4,225.02,151.14,24.63,64.73,0.90,-1,-1,-1
239,4,226.39,151.17,25.07,65.40,0.91,-1,-1,-1
240,4,227.49,150.05,25.32,65.36,0.90,-1,-1,-1
241,4,229.16,149.69,25.05,63.79,0.90,-1,-1,-1
242,4,230.60,148.84,24.55,62.50,0.93,-1,-1,-1
243,4,231.05,148.51,24.39,62.10,0.93,-1,-1,-1
244,4,231.07,147.70,24.87,64.19,0.92,-1,-1,-1
245,4,231.79,146.42,24.80,65.13,0.93,-1,-1,-1
246,4,232.19,144.53,24.48,65.88,0.92,-1,-1,-1
247,4,233.16,142.90,24.14,66.31,0.92,-1,-1,-1
248,4,234.89,141.46,23.22,64.44,0.90,-1,-1,-1
249,4,235.54,140.92,22.73,63.69,0.90,-1,-1,-1
250,4,236.64,140.85,22.72,64.02,0.91,-1,-1,-1
251,4,238.51,140.28,21.82,60.92,0.88,-1,-1,-1
252,4,239.71,139.87,21.79,59.44,0.81,-1,-1,-1
253,4,240.46,139.21,22.62,60.99,0.82,-1,-1,-1
254,4,241.36,139.35,22.95,60.81,0.81,-1,-1,-1
255,4,241.45,139.42,23.33,60.92,0.81,-1,-1,-1
256,4,241.53,138.42,23.40,59.83,0.71,-1,-1,-1
257,4,241.02,137.54,24.31,60.97,0.69,-1,-1,-1
258,4,239.18,136.63,25.05,63.03,0.62,-1,-1,-1
259,4,237.65,136.88,24.82,62.93,0.77,-1,-1,-1
260,4,236.02,136.28,24.58,63.15,0.79,-1,-1,-1
261,4,235.44,136.19,24.16,62.87,0.81,-1,-1,-1
262,4,237.14,134.22,23.80,59.97,0.90,-1,-1,-1
263,4,235.95,132.10,24.31,59.25,0.88,-1,-1,-1
264,4,235.05,130.38,24.86,58.69,0.92,-1,-1,-1
265,4,234.28,129.79,25.31,57.61,0.93,-1,-1,-1
266,4,233.65,129.14,25.66,56.44,0.92,-1,-1,-1
267,4,233.19,128.92,26.28,56.05,0.92,-1,-1,-1
268,4,232.11,128.43,26.69,55.26,0.93,-1,-1,-1
269,4,230.47,127.57,27.13,55.00,0.92,-1,-1,-1
270,4,228.63,127.28,27.49,54.93,0.92,-1,-1,-1
271,4,226.69,126.84,27.77,55.11,0.91,-1,-1,-1
272,4,224.45,126.34,28.02,55.52,0.92,-1,-1,-1
273,4,223.60,126.13,28.20,55.79,0.93,-1,-1,-1
274,4,220.44,123.76,29.41,57.14,0.94,-1,-1,-1
275,4,218.11,122.09,30.42,57.87,0.94,-1,-1,-1
276,4,216.35,120.62,31.28,58.20,0.93,-1,-1,-1
277,4,214.54,119.07,31.94,58.44,0.93,-1,-1,-1
278,4,213.16,118.56,32.11,58.04,0.92,-1,-1,-1
279,4,212.59,118.41,32.37,57.90,0.92,-1,-1,-1
280,4,208.93,118.40,32.05,57.25,0.90,-1,-1,-1
281,4,205.91,117.58,32.00,57.47,0.89,-1,-1,-1
282,4,202.60,116.66,31.49,57.52,0.88,-1,-1,-1
283,4,200.62,115.49,31.35,57.78,0.89,-1,-1,-1
284,4,198.64,114.01,31.64,58.43,0.89,-1,-1,-1
285,4,197.93,113.42,31.76,58.76,0.89,-1,-1,-1
286,4,193.78,111.46,32.72,59.71,0.90,-1,-1,-1
287,4,191.75,109.79,33.58,60.44,0.89,-1,-1,-1
288,4,189.50,108.94,33.78,60.39,0.90,-1,-1,-1
289,4,184.80,105.34,35.47,63.15,0.88,-1,-1,-1
290,4,183.21,107.71,33.66,59.95,0.91,-1,-1,-1
291,4,182.73,108.75,32.95,58.70,0.91,-1,-1,-1
292,4,178.25,106.56,32.68,59.43,0.77,-1,-1,-1
293,4,174.61,104.93,32.76,60.30,0.87,-1,-1,-1
294,4,172.84,103.53,32.72,60.43,0.89,-1,-1,-1
295,4,170.23,99.91,33.93,62.49,0.85,-1,-1,-1
296,4,168.05,96.78,34.94,63.94,0.84,-1,-1,-1
297,4,166.97,95.03,35.72,65.01,0.84,-1,-1,-1
298,4,164.73,94.76,35.85,65.04,0.89,-1,-1,-1
299,4,162.81,95.14,36.00,65.01,0.90,-1,-1,-1
300,4,160.22,94.87,35.82,65.22,0.87,-1,-1,-1
301,4,157.32,95.11,35.10,64.64,0.90,-1,-1,-1
302,4,153.60,94.09,34.75,65.15,0.87,-1,-1,-1
303,4,152.40,93.79,34.29,65.36,0.87,-1,-1,-1
304,4,149.99,92.41,33.81,65.50,0.88,-1,-1,-1
305,4,148.66,90.83,33.83,66.25,0.87,-1,-1,-1
306,4,147.16,88.81,34.11,67.21,0.86,-1,-1,-1
307,4,146.61,88.44,34.29,67.66,0.88,-1,-1,-1
308,4,146.06,88.74,34.21,67.30,0.91,-1,-1,-1
309,4,145.92,88.89,34.24,67.18,0.91,-1,-1,-1
310,4,143.58,89.33,33.78,66.35,0.91,-1,-1,-1
311,4,142.11,89.93,33.30,65.56,0.88,-1,-1,-1
312,4,140.12,89.81,32.71,65.26,0.89,-1,-1,-1
313,4,137.40,88.48,32.35,66.12,0.84,-1,-1,-1
314,4,135.19,87.07,32.15,66.96,0.85,-1,-1,-1
315,4,134.62,86.61,31.72,67.23,0.85,-1,-1,-1
316,4,133.37,85.88,32.15,67.52,0.84,-1,-1,-1
317,4,133.78,85.12,32.51,67.68,0.87,-1,-1,-1
386,4,123.45,88.19,30.66,62.64,0.82,-1,-1,-1
387,4,119.43,89.55,30.13,60.54,0.82,-1,-1,-1
388,4,118.72,89.74,30.47,60.23,0.87,-1,-1,-1
389,4,120.30,89.06,29.93,58.63,0.85,-1,-1,-1
390,4,119.89,86.54,31.37,61.85,0.89,-1,-1,-1
391,4,120.17,86.17,31.69,63.17,0.85,-1,-1,-1
392,4,119.30,84.24,32.26,66.02,0.86,-1,-1,-1
393,4,119.23,83.52,32.00,67.10,0.87,-1,-1,-1
394,4,118.98,83.20,31.20,67.33,0.80,-1,-1,-1
395,4,120.20,80.65,31.11,68.16,0.86,-1,-1,-1
396,4,122.06,79.13,30.99,69.19,0.88,-1,-1,-1
397,4,123.60,78.73,31.25,69.64,0.85,-1,-1,-1
398,4,123.96,79.09,31.29,69.45,0.83,-1,-1,-1
399,4,124.06,78.95,31.53,69.73,0.82,-1,-1,-1
400,4,124.64,78.41,31.84,70.08,0.86,-1,-1,-1
401,4,125.61,79.72,30.75,68.19,0.86,-1,-1,-1
402,4,125.78,80.14,29.94,67.27,0.89,-1,-1,-1
403,4,125.80,80.73,29.00,65.87,0.88,-1,-1,-1
404,4,125.47,79.22,29.05,67.34,0.87,-1,-1,-1
405,4,125.53,78.69,28.74,67.90,0.87,-1,-1,-1
406,4,125.96,77.45,28.69,68.93,0.86,-1,-1,-1
407,4,127.69,75.72,28.45,68.76,0.87,-1,-1,-1
408,4,128.38,74.43,28.80,69.49,0.87,-1,-1,-1
409,4,130.01,74.28,28.92,69.44,0.91,-1,-1,-1
410,4,130.59,74.73,29.02,68.91,0.88,-1,-1,-1
411,4,130.72,74.92,29.25,68.71,0.88,-1,-1,-1
412,4,131.17,75.85,29.13,67.78,0.87,-1,-1,-1
413,4,131.21,76.59,28.87,66.67,0.86,-1,-1,-1
414,4,131.77,77.17,28.40,65.62,0.85,-1,-1,-1
415,4,131.36,75.50,28.33,66.55,0.86,-1,-1,-1
416,4,131.94,72.86,28.44,68.76,0.84,-1,-1,-1
417,4,132.45,72.08,27.94,69.39,0.84,-1,-1,-1
418,4,133.14,70.69,27.97,70.74,0.82,-1,-1,-1
419,4,134.58,70.58,27.78,70.12,0.84,-1,-1,-1
420,4,135.39,70.35,27.97,69.85,0.84,-1,-1,-1
421,4,137.71,73.85,26.82,66.05,0.87,-1,-1,-1
422,4,138.62,73.86,26.87,65.41,0.86,-1,-1,-1
423,4,138.86,73.97,27.03,65.09,0.86,-1,-1,-1
424,4,137.49,73.59,27.85,65.84,0.84,-1,-1,-1
425,4,137.75,73.75,27.61,65.33,0.88,-1,-1,-1
426,4,137.48,74.02,27.18,64.63,0.89,-1,-1,-1
427,4,135.80,71.80,27.78,66.74,0.84,-1,-1,-1
428,4,135.73,69.51,28.47,69.13,0.85,-1,-1,-1
429,4,135.83,68.78,28.54,69.91,0.85,-1,-1,-1
430,4,138.75,71.87,26.90,66.45,0.84,-1,-1,-1
431,4,140.31,70.69,26.95,66.77,0.86,-1,-1,-1
432,4,141.26,71.00,26.83,65.96,0.86,-1,-1,-1
433,4,141.45,71.80,26.79,64.82,0.90,-1,-1,-1
434,4,142.19,72.59,26.67,63.82,0.90,-1,-1,-1
435,4,142.38,72.87,26.77,63.45,0.91,-1,-1,-1
436,4,142.95,72.66,26.86,63.61,0.90,-1,-1,-1
437,4,142.71,71.85,26.67,64.21,0.87,-1,-1,-1
438,4,142.33,68.54,27.46,67.41,0.80,-1,-1,-1
439,4,143.89,69.70,26.58,66.44,0.83,-1,-1,-1
440,4,144.51,70.32,26.19,66.61,0.84,-1,-1,-1
441,4,144.85,70.63,25.73,66.59,0.84,-1,-1,-1
442,4,144.91,69.75,25.91,68.48,0.82,-1,-1,-1
443,4,143.89,63.71,27.35,73.92,0.82,-1,-1,-1
444,4,143.41,59.09,28.39,78.45,0.78,-1,-1,-1
445,4,144.52,59.88,27.60,77.31,0.77,-1,-1,-1
446,4,145.60,68.73,24.51,68.53,0.82,-1,-1,-1
447,4,146.02,72.29,23.30,65.02,0.82,-1,-1,-1
448,4,145.69,73.80,22.60,63.61,0.84,-1,-1,-1
449,4,145.47,73.73,22.03,63.47,0.83,-1,-1,-1
450,4,146.13,74.65,21.35,62.31,0.86,-1,-1,-1
451,4,146.82,73.94,21.44,63.04,0.86,-1,-1,-1
452,4,147.83,73.70,21.41,63.05,0.89,-1,-1,-1
453,4,148.22,73.57,21.38,63.08,0.89,-1,-1,-1
454,4,148.14,73.83,21.67,63.12,0.88,-1,-1,-1
455,4,148.71,75.82,21.92,61.86,0.87,-1,-1,-1
456,4,150.24,77.62,21.97,60.28,0.88,-1,-1,-1
457,4,151.51,79.85,21.77,58.34,0.88,-1,-1,-1
458,4,151.98,79.46,22.26,58.93,0.88,-1,-1,-1
459,4,152.07,79.31,22.59,59.14,0.88,-1,-1,-1
460,4,152.36,79.80,22.37,58.37,0.86,-1,-1,-1
461,4,152.73,78.25,22.26,59.72,0.86,-1,-1,-1
462,4,153.35,76.49,21.97,61.65,0.84,-1,-1,-1
463,4,153.97,75.24,21.80,63.87,0.83,-1,-1,-1
464,4,154.95,74.73,21.59,65.45,0.83,-1,-1,-1
465,4,155.56,74.65,21.07,65.91,0.83,-1,-1,-1
466,4,156.93,76.15,20.45,65.14,0.85,-1,-1,-1
467,4,158.48,77.06,20.32,65.11,0.88,-1,-1,-1
468,4,158.94,78.44,20.25,64.20,0.84,-1,-1,-1
469,4,159.58,79.20,20.27,63.75,0.82,-1,-1,-1
470,4,160.52,79.34,20.32,63.93,0.80,-1,-1,-1
471,4,160.87,79.52,20.29,63.85,0.80,-1,-1,-1
472,4,162.13,79.32,19.88,63.56,0.79,-1,-1,-1
473,4,162.87,79.22,19.61,63.72,0.80,-1,-1,-1
474,4,164.10,79.39,19.24,63.75,0.81,-1,-1,-1
475,4,165.28,79.52,18.86,63.78,0.82,-1,-1,-1
476,4,166.36,79.48,18.47,63.67,0.82,-1,-1,-1
477,4,166.85,79.43,18.15,63.65,0.81,-1,-1,-1
478,4,167.53,79.91,17.93,63.70,0.84,-1,-1,-1
479,4,167.67,82.83,18.02,63.77,0.82,-1,-1,-1
480,4,168.18,85.46,17.80,62.69,0.83,-1,-1,-1
481,4,166.99,88.05,18.06,61.42,0.86,-1,-1,-1
482,4,166.58,90.60,18.11,59.36,0.87,-1,-1,-1
483,4,166.21,91.56,18.50,58.67,0.87,-1,-1,-1
484,4,167.01,92.63,18.08,55.75,0.86,-1,-1,-1
485,4,168.86,94.36,17.64,52.12,0.87,-1,-1,-1
486,4,170.49,94.83,18.26,52.37,0.89,-1,-1,-1
487,4,171.42,95.80,18.63,52.32,0.90,-1,-1,-1
488,4,171.89,96.60,19.07,52.95,0.90,-1,-1,-1
489,4,172.03,96.85,19.35,53.16,0.90,-1,-1,-1
490,4,171.38,97.89,19.90,55.64,0.84,-1,-1,-1
491,4,171.72,99.51,19.98,56.59,0.83,-1,-1,-1
492,4,171.89,100.44,20.42,58.31,0.82,-1,-1,-1
493,4,171.75,100.46,20.78,59.80,0.85,-1,-1,-1
494,4,171.65,99.48,20.53,59.24,0.85,-1,-1,-1
495,4,171.67,99.47,20.34,58.80,0.85,-1,-1,-1
496,4,172.12,99.30,19.43,56.20,0.86,-1,-1,-1
497,4,171.38,99.45,20.40,59.66,0.88,-1,-1,-1
498,4,171.15,99.63,19.75,57.78,0.86,-1,-1,-1
499,4,170.63,101.97,20.07,58.73,0.89,-1,-1,-1
500,4,170.20,103.24,20.62,60.66,0.92,-1,-1,-1
501,4,170.05,103.71,20.79,61.44,0.92,-1,-1,-1
502,4,169.95,104.94,20.85,61.88,0.92,-1,-1,-1
503,4,169.52,106.77,20.88,62.59,0.91,-1,-1,-1
504,4,168.96,107.59,20.77,62.82,0.91,-1,-1,-1
505,4,168.46,108.01,20.54,62.67,0.91,-1,-1,-1
506,4,168.34,108.30,20.30,62.44,0.91,-1,-1,-1
507,4,168.34,108.37,20.12,62.33,0.91,-1,-1,-1
508,4,168.20,108.41,20.47,63.71,0.89,-1,-1,-1
509,4,166.95,109.01,21.52,66.43,0.92,-1,-1,-1
510,4,166.67,110.76,21.66,66.05,0.91,-1,-1,-1
511,4,166.67,111.91,21.76,65.37,0.84,-1,-1,-1
512,4,165.65,112.81,22.73,67.59,0.89,-1,-1,-1
513,4,165.21,113.28,23.25,68.55,0.90,-1,-1,-1
514,4,164.10,114.25,23.71,69.41,0.91,-1,-1,-1
515,4,161.66,116.67,23.57,67.93,0.92,-1,-1,-1
516,4,159.70,117.80,23.64,67.27,0.94,-1,-1,-1
517,4,157.81,118.46,23.55,66.77,0.93,-1,-1,-1
518,4,156.18,119.05,23.42,65.96,0.94,-1,-1,-1
519,4,155.56,119.27,23.44,65.61,0.94,-1,-1,-1
520,4,155.35,119.79,23.99,67.50,0.92,-1,-1,-1
521,4,154.97,120.70,24.18,68.43,0.79,-1,-1,-1
522,4,154.03,123.34,24.44,69.58,0.81,-1,-1,-1
523,4,152.43,124.02,25.43,73.19,0.83,-1,-1,-1
524,4,153.23,128.03,24.00,70.69,0.84,-1,-1,-1
525,4,153.74,129.62,23.12,69.57,0.84,-1,-1,-1
526,4,153.84,132.46,21.67,67.12,0.82,-1,-1,-1
527,4,151.42,128.86,22.11,70.53,0.87,-1,-1,-1
528,4,149.82,124.79,22.83,74.86,0.87,-1,-1,-1
529,4,149.21,126.26,22.01,73.64,0.87,-1,-1,-1
530,4,148.26,125.03,22.46,76.05,0.90,-1,-1,-1
531,4,148.00,124.91,22.36,76.57,0.89,-1,-1,-1
532,4,145.80,127.74,22.21,74.65,0.89,-1,-1,-1
533,4,144.07,131.93,21.80,73.84,0.85,-1,-1,-1
534,4,143.11,134.66,21.43,73.49,0.89,-1,-1,-1
535,4,142.85,137.70,20.82,71.72,0.87,-1,-1,-1
536,4,142.85,140.12,20.16,69.97,0.82,-1,-1,-1
537,4,142.68,140.98,19.89,69.29,0.83,-1,-1,-1
538,4,142.40,142.13,19.48,68.36,0.82,-1,-1,-1
539,4,139.15,143.06,19.58,67.73,0.91,-1,-1,-1
540,4,137.36,143.55,19.83,66.99,0.91,-1,-1,-1
541,4,135.43,143.07,20.61,67.43,0.92,-1,-1,-1
542,4,134.39,142.34,21.19,67.51,0.91,-1,-1,-1
543,4,133.88,142.04,21.69,67.51,0.91,-1,-1,-1
544,4,133.73,141.73,21.89,67.12,0.90,-1,-1,-1
545,4,134.09,141.18,21.35,64.25,0.91,-1,-1,-1
546,4,134.36,140.64,21.33,63.00,0.91,-1,-1,-1
547,4,134.28,140.26,21.57,62.70,0.90,-1,-1,-1
548,4,134.28,139.79,21.91,62.89,0.90,-1,-1,-1
549,4,134.20,139.59,22.20,63.02,0.90,-1,-1,-1
550,4,133.89,138.93,22.47,63.30,0.90,-1,-1,-1
551,4,133.66,137.55,23.01,64.56,0.90,-1,-1,-1
552,4,134.29,136.40,22.99,64.36,0.88,-1,-1,-1
553,4,134.61,135.27,23.36,65.45,0.89,-1,-1,-1
554,4,135.82,134.64,23.37,65.09,0.86,-1,-1,-1
555,4,136.41,134.44,23.39,64.79,0.86,-1,-1,-1
556,4,137.08,133.92,23.21,64.00,0.86,-1,-1,-1
557,4,139.44,132.87,22.52,61.53,0.86,-1,-1,-1
558,4,140.51,133.84,21.79,58.29,0.83,-1,-1,-1
559,4,141.54,134.26,21.92,57.28,0.86,-1,-1,-1
560,4,141.96,132.83,22.59,58.00,0.84,-1,-1,-1
561,4,142.01,132.40,23.03,58.20,0.83,-1,-1,-1
562,4,141.71,128.66,24.53,61.16,0.93,-1,-1,-1
563,4,142.96,125.33,24.99,60.96,0.92,-1,-1,-1
564,4,145.39,123.59,25.77,60.36,0.88,-1,-1,-1
565,4,148.00,122.74,27.05,60.04,0.92,-1,-1,-1
566,4,149.37,122.27,28.45,59.86,0.88,-1,-1,-1
567,4,149.60,122.09,29.64,59.63,0.88,-1,-1,-1
568,4,152.12,121.99,30.32,59.32,0.89,-1,-1,-1
569,4,154.22,122.69,30.52,58.51,0.90,-1,-1,-1
570,4,155.39,122.80,30.92,58.60,0.91,-1,-1,-1
571,4,156.18,122.40,31.24,58.91,0.92,-1,-1,-1
572,4,157.05,121.35,31.61,59.91,0.93,-1,-1,-1
573,4,157.35,120.97,31.67,60.29,0.93,-1,-1,-1
574,4,157.61,120.43,31.54,60.39,0.93,-1,-1,-1
575,4,157.76,119.65,31.92,61.30,0.91,-1,-1,-1
576,4,157.69,119.18,31.92,61.60,0.92,-1,-1,-1
577,4,157.46,118.64,32.13,62.40,0.92,-1,-1,-1
578,4,157.07,117.91,32.33,63.34,0.93,-1,-1,-1
579,4,156.99,117.65,32.21,63.57,0.93,-1,-1,-1
580,4,156.83,117.06,32.35,64.40,0.93,-1,-1,-1
581,4,159.15,116.26,31.81,62.64,0.87,-1,-1,-1
582,4,159.70,115.71,31.62,62.10,0.88,-1,-1,-1
583,4,160.30,115.43,31.44,61.93,0.88,-1,-1,-1
584,4,160.68,115.35,31.21,61.93,0.90,-1,-1,-1
585,4,160.80,115.34,30.98,61.91,0.90,-1,-1,-1
586,4,160.50,115.37,30.41,61.75,0.92,-1,-1,-1
587,4,159.95,114.15,30.65,63.29,0.93,-1,-1,-1
588,4,159.94,113.52,30.56,64.06,0.92,-1,-1,-1
589,4,159.76,112.66,30.57,65.17,0.93,-1,-1,-1
590,4,159.63,111.70,30.51,66.15,0.92,-1,-1,-1
591,4,159.70,111.37,30.20,66.50,0.92,-1,-1,-1
592,4,159.77,110.66,29.86,67.04,0.92,-1,-1,-1
593,4,160.20,109.74,28.93,65.97,0.89,-1,-1,-1
594,4,160.68,109.46,27.85,64.27,0.88,-1,-1,-1
595,4,160.65,109.10,27.66,64.83,0.87,-1,-1,-1
596,4,160.70,109.10,27.25,63.86,0.87,-1,-1,-1
597,4,160.86,109.12,27.08,63.55,0.87,-1,-1,-1
598,4,161.73,109.22,26.99,63.19,0.84,-1,-1,-1
599,4,164.69,109.55,25.78,60.12,0.82,-1,-1,-1
600,4,166.54,109.76,24.88,57.64,0.85,-1,-1,-1
601,4,166.34,109.78,25.08,59.47,0.80,-1,-1,-1
602,4,165.47,109.51,25.00,60.93,0.83,-1,-1,-1
603,4,165.32,109.40,24.51,61.23,0.83,-1,-1,-1
604,4,165.55,109.37,23.66,60.58,0.84,-1,-1,-1
605,4,167.25,108.38,24.20,61.52,0.76,-1,-1,-1
607,4,167.75,107.06,26.63,67.76,0.85,-1,-1,-1
608,4,168.67,106.45,25.52,64.41,0.88,-1,-1,-1
609,4,168.92,106.23,25.21,63.15,0.88,-1,-1,-1
610,4,168.62,105.60,25.39,63.30,0.84,-1,-1,-1
611,4,170.29,104.56,24.32,61.27,0.84,-1,-1,-1
612,4,170.31,105.17,24.52,62.59,0.80,-1,-1,-1
613,4,170.74,104.45,23.96,62.14,0.83,-1,-1,-1
614,4,171.60,104.12,22.73,59.68,0.85,-1,-1,-1
615,4,171.93,104.03,22.14,58.72,0.85,-1,-1,-1
616,4,173.00,104.03,21.57,58.35,0.86,-1,-1,-1
617,4,174.82,106.20,20.72,57.43,0.86,-1,-1,-1
618,4,175.81,108.05,20.21,57.23,0.83,-1,-1,-1
619,4,177.97,109.21,19.53,54.95,0.86,-1,-1,-1
620,4,180.35,109.93,18.79,51.50,0.87,-1,-1,-1
621,4,181.09,110.14,18.77,50.32,0.87,-1,-1,-1
622,4,182.50,109.60,19.37,50.58,0.87,-1,-1,-1
623,4,184.41,108.22,20.46,51.98,0.90,-1,-1,-1
624,4,185.29,107.10,21.48,53.02,0.90,-1,-1,-1
625,4,186.54,107.18,21.78,52.78,0.90,-1,-1,-1
626,4,188.03,107.50,22.14,52.48,0.90,-1,-1,-1
627,4,188.41,107.61,22.56,52.41,0.90,-1,-1,-1
628,4,190.79,106.99,23.11,52.86,0.90,-1,-1,-1
629,4,194.82,105.42,24.32,54.12,0.93,-1,-1,-1
630,4,197.02,103.84,25.82,55.71,0.94,-1,-1,-1
631,4,198.92,102.84,26.79,55.91,0.94,-1,-1,-1
632,4,201.13,102.86,26.83,53.78,0.94,-1,-1,-1
633,4,201.64,102.86,27.35,52.93,0.94,-1,-1,-1
634,4,203.61,102.83,27.42,51.43,0.93,-1,-1,-1
635,4,208.02,103.15,27.91,51.70,0.94,-1,-1,-1
636,4,212.08,103.43,27.93,51.78,0.94,-1,-1,-1
637,4,216.87,104.03,27.59,51.43,0.92,-1,-1,-1
638,4,221.73,103.42,27.43,52.10,0.88,-1,-1,-1
639,4,223.51,103.37,27.06,52.23,0.88,-1,-1,-1
640,4,226.71,103.18,27.09,52.44,0.86,-1,-1,-1
641,4,228.62,101.97,27.79,54.06,0.87,-1,-1,-1
642,4,234.12,99.97,28.99,54.69,0.91,-1,-1,-1
643,4,236.66,98.54,29.25,54.26,0.88,-1,-1,-1
644,4,241.62,97.54,30.21,54.30,0.74,-1,-1,-1
645,4,243.19,97.23,31.06,54.29,0.74,-1,-1,-1
646,4,245.98,97.68,32.07,54.58,0.83,-1,-1,-1
647,4,249.58,98.29,30.99,54.43,0.77,-1,-1,-1
648,4,255.72,100.77,29.02,52.23,0.83,-1,-1,-1
649,4,262.25,101.67,27.98,51.71,0.81,-1,-1,-1
650,4,265.56,101.97,27.02,51.58,0.86,-1,-1,-1
651,4,266.84,101.87,26.27,51.69,0.86,-1,-1,-1
652,4,269.56,103.64,24.99,49.78,0.88,-1,-1,-1
653,4,272.80,103.69,24.87,49.42,0.84,-1,-1,-1
654,4,278.00,103.69,25.72,50.57,0.86,-1,-1,-1
655,4,282.09,104.20,25.80,49.70,0.81,-1,-1,-1
656,4,286.23,105.53,25.16,48.07,0.76,-1,-1,-1
657,4,287.46,106.05,25.21,47.84,0.77,-1,-1,-1
