0,2,259.49,132.69,21.26,46.68,0.91,-1,-1,-1
1,2,259.16,132.35,21.26,46.69,0.91,-1,-1,-1
2,2,258.63,132.29,21.35,46.87,0.91,-1,-1,-1
3,2,258.48,132.27,21.39,46.93,0.91,-1,-1,-1
4,2,258.06,132.11,21.41,46.94,0.91,-1,-1,-1
5,2,257.74,131.67,21.78,47.77,0.92,-1,-1,-1
6,2,257.58,131.74,21.85,47.94,0.92,-1,-1,-1
7,2,257.65,132.32,21.66,47.43,0.92,-1,-1,-1
8,2,257.90,132.29,21.71,47.43,0.92,-1,-1,-1
9,2,257.99,132.30,21.75,47.42,0.92,-1,-1,-1
10,2,258.33,132.82,21.58,46.91,0.92,-1,-1,-1
11,2,258.55,133.10,21.57,46.77,0.92,-1,-1,-1
12,2,258.76,132.99,21.57,46.75,0.91,-1,-1,-1
13,2,259.03,133.31,21.37,46.33,0.91,-1,-1,-1
14,2,259.09,133.37,21.31,46.31,0.90,-1,-1,-1
15,2,259.12,133.41,21.29,46.38,0.90,-1,-1,-1
16,2,258.65,132.85,21.55,47.11,0.89,-1,-1,-1
17,2,258.84,133.36,21.09,46.39,0.89,-1,-1,-1
18,2,258.99,134.41,20.38,45.09,0.89,-1,-1,-1
19,2,258.72,134.39,20.24,45.09,0.90,-1,-1,-1
20,2,258.31,133.84,19.86,44.83,0.91,-1,-1,-1
21,2,258.23,133.60,19.57,44.69,0.91,-1,-1,-1
22,2,258.07,133.69,19.65,45.59,0.90,-1,-1,-1
23,2,257.77,133.10,19.44,45.95,0.92,-1,-1,-1
24,2,257.39,133.29,18.86,45.24,0.92,-1,-1,-1
25,2,256.96,133.32,18.46,44.80,0.92,-1,-1,-1
26,2,255.51,132.24,18.96,46.29,0.90,-1,-1,-1
27,2,254.98,131.74,19.11,46.94,0.90,-1,-1,-1
28,2,254.92,131.94,18.91,46.84,0.89,-1,-1,-1
29,2,254.82,131.66,19.08,47.93,0.87,-1,-1,-1
30,2,254.64,131.30,19.09,48.62,0.87,-1,-1,-1
31,2,255.03,131.60,18.72,48.43,0.87,-1,-1,-1
32,2,254.93,130.91,18.79,49.10,0.86,-1,-1,-1
33,2,254.94,130.66,18.71,49.33,0.86,-1,-1,-1
34,2,253.42,128.64,19.52,51.45,0.86,-1,-1,-1
35,2,253.93,128.25,19.32,51.97,0.84,-1,-1,-1
36,2,253.35,127.90,19.45,52.45,0.83,-1,-1,-1
37,2,254.44,128.19,18.89,51.99,0.85,-1,-1,-1
38,2,253.73,127.70,18.97,52.68,0.83,-1,-1,-1
39,2,253.55,127.53,18.90,52.92,0.83,-1,-1,-1
40,2,254.20,127.23,18.63,53.11,0.83,-1,-1,-1
41,2,254.04,126.90,18.49,53.19,0.84,-1,-1,-1
42,2,251.70,126.42,19.18,54.23,0.86,-1,-1,-1
43,2,252.87,126.65,19.07,54.38,0.82,-1,-1,-1
44,2,253.41,126.75,19.11,55.07,0.83,-1,-1,-1
45,2,253.70,126.80,19.02,55.34,0.83,-1,-1,-1
46,2,254.57,126.63,18.65,55.23,0.85,-1,-1,-1
47,2,254.36,127.07,18.54,55.29,0.84,-1,-1,-1
48,2,254.68,126.84,18.49,55.85,0.83,-1,-1,-1
49,2,255.34,126.51,18.22,56.15,0.85,-1,-1,-1
50,2,254.96,126.62,18.10,56.17,0.74,-1,-1,-1
51,2,254.72,126.69,18.00,56.09,0.74,-1,-1,-1
52,2,255.73,126.50,17.73,56.16,0.79,-1,-1,-1
53,2,257.21,126.67,17.18,55.78,0.79,-1,-1,-1
54,2,257.31,126.36,17.09,56.22,0.80,-1,-1,-1
55,2,257.13,122.07,18.14,60.66,0.81,-1,-1,-1
56,2,258.07,124.10,17.26,58.64,0.85,-1,-1,-1
57,2,258.45,124.78,16.85,58.02,0.85,-1,-1,-1
58,2,259.89,126.61,15.94,56.17,0.86,-1,-1,-1
59,2,259.71,124.21,16.34,58.82,0.83,-1,-1,-1
60,2,260.03,124.52,16.10,58.67,0.86,-1,-1,-1
61,2,261.73,124.49,15.96,58.61,0.87,-1,-1,-1
62,2,262.75,123.89,16.13,59.60,0.86,-1,-1,-1
63,2,263.11,123.67,16.15,59.96,0.86,-1,-1,-1
64,2,263.13,124.10,15.82,59.63,0.86,-1,-1,-1
65,2,263.04,124.22,15.63,59.55,0.89,-1,-1,-1
66,2,263.05,124.37,15.50,59.38,0.90,-1,-1,-1
67,2,263.24,124.60,15.41,59.23,0.90,-1,-1,-1
68,2,263.73,124.85,15.38,59.01,0.92,-1,-1,-1
69,2,263.89,124.91,15.39,58.97,0.92,-1,-1,-1
70,2,264.13,124.80,15.47,59.21,0.92,-1,-1,-1
71,2,264.53,125.16,15.46,58.92,0.92,-1,-1,-1
72,2,265.07,125.39,15.53,58.93,0.92,-1,-1,-1
73,2,265.66,125.77,15.55,58.69,0.92,-1,-1,-1
74,2,266.89,125.50,15.76,59.18,0.91,-1,-1,-1
75,2,267.31,125.41,15.88,59.38,0.91,-1,-1,-1
76,2,268.06,125.41,15.93,59.42,0.92,-1,-1,-1
77,2,268.85,125.60,15.93,59.25,0.92,-1,-1,-1
78,2,269.65,125.68,15.96,59.25,0.91,-1,-1,-1
79,2,270.44,125.52,16.05,59.39,0.91,-1,-1,-1
80,2,271.87,125.69,16.01,59.32,0.91,-1,-1,-1
81,2,272.40,125.76,15.99,59.28,0.91,-1,-1,-1
82,2,273.14,125.72,16.04,59.44,0.90,-1,-1,-1
83,2,274.08,125.78,16.14,59.61,0.90,-1,-1,-1
84,2,275.01,126.15,16.10,59.02,0.91,-1,-1,-1
85,2,276.16,126.35,16.15,58.47,0.91,-1,-1,-1
86,2,277.61,126.64,16.26,58.22,0.89,-1,-1,-1
87,2,278.10,126.71,16.42,58.19,0.89,-1,-1,-1
88,2,278.91,126.73,16.65,58.40,0.91,-1,-1,-1
89,2,279.43,126.87,16.85,58.42,0.90,-1,-1,-1
90,2,279.92,127.05,16.98,58.34,0.89,-1,-1,-1
91,2,280.29,126.95,17.22,58.67,0.90,-1,-1,-1
92,2,281.17,125.98,17.53,59.68,0.90,-1,-1,-1
93,2,281.47,125.64,17.65,60.03,0.90,-1,-1,-1
94,2,281.99,125.50,17.66,59.97,0.91,-1,-1,-1
95,2,283.04,125.05,17.55,60.14,0.90,-1,-1,-1
96,2,284.24,124.94,17.15,59.56,0.89,-1,-1,-1
97,2,285.43,124.35,16.76,59.47,0.87,-1,-1,-1
98,2,286.88,124.23,16.16,58.46,0.88,-1,-1,-1
99,2,287.49,124.15,15.78,58.11,0.88,-1,-1,-1
100,2,288.08,123.76,15.55,58.20,0.88,-1,-1,-1
101,2,288.52,123.54,15.39,58.43,0.89,-1,-1,-1
102,2,289.07,123.80,15.06,57.89,0.88,-1,-1,-1
103,2,289.89,124.46,14.88,57.26,0.86,-1,-1,-1
104,2,290.18,124.36,14.76,57.47,0.89,-1,-1,-1
105,2,290.34,124.40,14.60,57.47,0.89,-1,-1,-1
106,2,290.46,124.47,14.50,57.40,0.89,-1,-1,-1
107,2,290.81,124.90,14.30,56.95,0.90,-1,-1,-1
108,2,290.91,125.08,14.19,56.81,0.89,-1,-1,-1
109,2,290.90,124.98,14.16,56.91,0.90,-1,-1,-1
110,2,291.09,124.95,14.12,57.01,0.90,-1,-1,-1
111,2,291.17,125.02,14.06,56.98,0.91,-1,-1,-1
112,2,291.29,125.10,14.00,56.89,0.91,-1,-1,-1
113,2,291.34,125.08,14.02,56.95,0.91,-1,-1,-1
114,2,291.42,124.48,14.14,57.46,0.91,-1,-1,-1
115,2,291.61,123.62,14.27,57.94,0.91,-1,-1,-1
116,2,292.54,123.56,13.60,53.85,0.91,-1,-1,-1
117,2,292.80,123.53,13.50,52.29,0.91,-1,-1,-1
118,2,292.78,123.22,13.71,51.87,0.91,-1,-1,-1
119,2,292.60,122.97,13.79,50.83,0.92,-1,-1,-1
120,2,292.23,122.60,14.16,51.01,0.91,-1,-1,-1
121,2,291.73,122.40,14.45,50.92,0.91,-1,-1,-1
122,2,290.68,122.10,14.97,51.66,0.91,-1,-1,-1
123,2,290.20,121.89,15.37,52.06,0.91,-1,-1,-1
124,2,289.91,122.79,15.62,51.94,0.91,-1,-1,-1
125,2,289.49,123.09,15.79,51.32,0.91,-1,-1,-1
126,2,289.32,124.08,15.55,49.02,0.92,-1,-1,-1
127,2,289.00,124.70,15.72,47.95,0.91,-1,-1,-1
128,2,288.99,126.01,16.34,47.45,0.91,-1,-1,-1
129,2,288.78,126.49,16.99,47.27,0.91,-1,-1,-1
130,2,288.51,126.61,17.65,47.14,0.91,-1,-1,-1
131,2,288.15,127.06,18.71,48.28,0.91,-1,-1,-1
132,2,288.02,127.70,19.70,49.21,0.91,-1,-1,-1
133,2,288.18,128.23,20.18,48.87,0.92,-1,-1,-1
134,2,287.87,128.37,20.86,48.71,0.93,-1,-1,-1
135,2,287.56,128.42,21.50,48.65,0.93,-1,-1,-1
136,2,287.00,128.29,22.23,49.07,0.93,-1,-1,-1
137,2,286.62,128.09,22.73,49.55,0.93,-1,-1,-1
138,2,286.06,128.09,23.02,50.12,0.92,-1,-1,-1
139,2,285.27,128.52,22.99,49.99,0.92,-1,-1,-1
140,2,283.99,129.67,22.58,48.96,0.92,-1,-1,-1
141,2,283.50,130.10,22.47,48.60,0.92,-1,-1,-1
142,2,282.76,130.58,22.92,49.79,0.91,-1,-1,-1
143,2,281.78,130.96,23.31,50.94,0.92,-1,-1,-1
146,2,279.23,130.75,26.13,57.98,0.67,-1,-1,-1
147,2,279.41,129.95,26.69,59.64,0.59,-1,-1,-1
148,2,279.24,128.62,27.87,62.72,0.91,-1,-1,-1
149,2,278.51,132.46,27.22,62.39,0.87,-1,-1,-1
150,2,278.30,135.67,26.61,62.06,0.89,-1,-1,-1
151,2,278.19,138.11,25.85,61.35,0.91,-1,-1,-1
152,2,279.70,140.80,24.61,59.00,0.93,-1,-1,-1
153,2,280.36,141.80,23.99,58.04,0.93,-1,-1,-1
154,2,281.05,143.22,23.44,57.01,0.93,-1,-1,-1
155,2,282.02,144.32,22.98,55.72,0.93,-1,-1,-1
156,2,282.67,145.37,23.09,55.40,0.94,-1,-1,-1
157,2,282.73,146.39,23.23,54.97,0.94,-1,-1,-1
158,2,281.79,147.74,24.58,57.38,0.92,-1,-1,-1
159,2,281.35,148.24,25.25,58.21,0.92,-1,-1,-1
160,2,281.55,149.07,25.66,58.36,0.91,-1,-1,-1
161,2,281.70,149.98,25.49,57.23,0.91,-1,-1,-1
162,2,281.16,150.04,25.64,56.89,0.89,-1,-1,-1
163,2,280.63,150.44,26.00,57.21,0.90,-1,-1,-1
164,2,279.58,150.47,26.16,57.14,0.89,-1,-1,-1
165,2,279.00,150.48,26.46,57.38,0.89,-1,-1,-1
166,2,279.56,150.30,26.22,57.25,0.89,-1,-1,-1
167,2,279.12,149.97,25.66,56.63,0.86,-1,-1,-1
168,2,275.64,149.43,26.25,56.91,0.87,-1,-1,-1
169,2,271.47,148.14,26.49,55.49,0.85,-1,-1,-1
170,2,269.75,146.91,26.11,53.98,0.87,-1,-1,-1
171,2,269.04,146.45,26.14,53.41,0.87,-1,-1,-1
172,2,265.17,140.73,28.38,57.99,0.81,-1,-1,-1
173,2,262.52,138.80,29.52,60.37,0.80,-1,-1,-1
174,2,261.09,139.56,29.51,60.26,0.85,-1,-1,-1
175,2,259.56,137.36,30.52,62.39,0.86,-1,-1,-1
176,2,258.55,136.15,31.13,63.58,0.87,-1,-1,-1
177,2,258.20,135.72,31.39,64.07,0.87,-1,-1,-1
178,2,256.40,137.23,30.78,62.66,0.89,-1,-1,-1
179,2,255.47,137.64,30.47,62.04,0.91,-1,-1,-1
180,2,254.78,137.42,30.09,61.37,0.90,-1,-1,-1
181,2,253.90,137.12,31.22,64.49,0.90,-1,-1,-1
182,2,253.65,137.16,31.07,65.40,0.89,-1,-1,-1
183,2,253.77,137.19,30.70,65.75,0.89,-1,-1,-1
184,2,254.19,136.93,30.02,66.18,0.89,-1,-1,-1
185,2,255.39,136.45,29.26,66.70,0.85,-1,-1,-1
186,2,256.78,135.90,28.69,67.30,0.86,-1,-1,-1
187,2,257.24,135.20,28.23,67.87,0.89,-1,-1,-1
188,2,257.54,134.21,27.97,68.58,0.90,-1,-1,-1
189,2,257.77,133.84,27.59,68.90,0.90,-1,-1,-1
190,2,258.32,132.53,26.90,67.49,0.90,-1,-1,-1
191,2,258.33,131.73,26.91,67.58,0.90,-1,-1,-1
192,2,259.34,131.16,24.97,61.82,0.90,-1,-1,-1
193,2,260.31,130.91,24.46,59.41,0.90,-1,-1,-1
194,2,260.85,130.98,24.41,58.41,0.90,-1,-1,-1
195,2,260.89,131.01,24.72,58.42,0.90,-1,-1,-1
196,2,262.22,131.96,26.47,61.63,0.89,-1,-1,-1
197,2,262.28,133.13,26.46,61.27,0.86,-1,-1,-1
198,2,263.83,134.59,27.40,62.26,0.89,-1,-1,-1
199,2,264.26,135.99,28.21,63.21,0.87,-1,-1,-1
200,2,265.15,137.78,28.43,62.78,0.88,-1,-1,-1
201,2,265.39,138.46,28.74,62.62,0.88,-1,-1,-1
202,2,265.02,141.24,28.39,61.89,0.84,-1,-1,-1
203,2,266.01,142.87,28.83,61.81,0.85,-1,-1,-1
204,2,266.70,144.05,29.64,62.34,0.85,-1,-1,-1
205,2,266.68,144.92,30.62,63.51,0.85,-1,-1,-1
206,2,266.84,145.66,31.50,64.69,0.87,-1,-1,-1
207,2,266.84,145.91,32.00,65.13,0.87,-1,-1,-1
208,2,266.19,148.05,31.44,65.03,0.86,-1,-1,-1
209,2,266.35,149.20,31.53,65.83,0.86,-1,-1,-1
210,2,266.56,149.68,31.54,66.55,0.82,-1,-1,-1
211,2,266.75,150.19,31.37,67.01,0.81,-1,-1,-1
212,2,267.73,147.91,33.03,71.65,0.75,-1,-1,-1
213,2,268.19,146.34,33.75,74.22,0.75,-1,-1,-1
214,2,267.78,149.37,32.72,73.63,0.80,-1,-1,-1
215,2,265.78,150.56,33.08,75.16,0.79,-1,-1,-1
216,2,265.35,153.63,31.85,73.13,0.79,-1,-1,-1
217,2,265.53,154.25,31.61,73.46,0.77,-1,-1,-1
218,2,266.24,151.64,32.62,77.23,0.85,-1,-1,-1
219,2,266.66,150.66,32.65,78.66,0.85,-1,-1,-1
220,2,267.07,150.21,32.37,79.41,0.86,-1,-1,-1
221,2,267.06,149.88,32.22,80.01,0.87,-1,-1,-1
222,2,267.74,149.60,31.92,80.33,0.85,-1,-1,-1
223,2,269.14,148.89,31.98,80.97,0.85,-1,-1,-1
224,2,269.46,148.09,32.07,82.80,0.83,-1,-1,-1
225,2,269.34,147.81,31.85,83.54,0.83,-1,-1,-1
226,2,270.54,149.94,30.86,82.04,0.80,-1,-1,-1
227,2,272.99,153.21,30.06,81.70,0.75,-1,-1,-1
228,2,275.22,149.94,30.76,85.57,0.81,-1,-1,-1
232,2,279.90,160.45,26.51,74.95,0.66,-1,-1,-1
233,2,280.30,159.99,26.59,76.36,0.72,-1,-1,-1
234,2,280.53,161.30,26.83,78.26,0.76,-1,-1,-1
235,2,280.17,159.61,26.05,77.45,0.77,-1,-1,-1
236,2,279.80,159.15,25.16,76.56,0.75,-1,-1,-1
237,2,279.71,158.95,24.59,76.41,0.75,-1,-1,-1
238,2,281.55,159.57,24.11,75.01,0.83,-1,-1,-1
239,2,280.86,159.96,24.12,76.08,0.75,-1,-1,-1
240,2,281.67,160.52,23.82,75.35,0.78,-1,-1,-1
241,2,282.59,160.94,23.37,74.06,0.82,-1,-1,-1
242,2,284.56,161.17,23.70,73.41,0.87,-1,-1,-1
243,2,285.11,161.20,24.14,73.33,0.87,-1,-1,-1
244,2,284.80,161.27,24.38,73.10,0.88,-1,-1,-1
245,2,285.81,159.56,25.47,74.70,0.89,-1,-1,-1
246,2,286.48,159.04,26.31,75.27,0.89,-1,-1,-1
247,2,286.94,158.37,27.02,75.77,0.90,-1,-1,-1
248,2,289.05,158.71,27.19,75.00,0.90,-1,-1,-1
249,2,289.73,158.85,27.50,74.71,0.90,-1,-1,-1
250,2,290.91,159.44,27.23,73.32,0.90,-1,-1,-1
251,2,292.13,159.52,27.10,72.64,0.89,-1,-1,-1
252,2,294.03,159.59,27.35,73.80,0.61,-1,-1,-1
258,2,305.84,161.52,25.44,68.56,0.67,-1,-1,-1
259,2,307.82,161.64,25.39,67.45,0.73,-1,-1,-1
260,2,309.76,160.31,26.12,67.95,0.83,-1,-1,-1
261,2,310.24,159.60,26.72,68.36,0.82,-1,-1,-1
262,2,311.90,155.15,28.67,72.63,0.85,-1,-1,-1
263,2,312.96,153.98,29.43,73.67,0.89,-1,-1,-1
264,2,314.09,153.93,29.58,73.43,0.90,-1,-1,-1
265,2,314.97,152.37,30.42,74.67,0.86,-1,-1,-1
266,2,316.52,152.13,30.50,74.72,0.86,-1,-1,-1
267,2,317.09,152.19,30.51,74.59,0.86,-1,-1,-1
268,2,321.38,150.41,30.16,75.86,0.87,-1,-1,-1
269,2,325.43,148.95,29.53,76.53,0.88,-1,-1,-1
270,2,328.16,148.31,28.68,76.55,0.88,-1,-1,-1
271,2,330.47,147.03,28.18,77.50,0.89,-1,-1,-1
272,2,332.56,146.10,27.50,77.72,0.86,-1,-1,-1
273,2,333.47,145.91,26.81,77.66,0.86,-1,-1,-1
274,2,336.93,143.94,27.20,79.38,0.84,-1,-1,-1
275,2,339.96,144.18,27.23,78.88,0.88,-1,-1,-1
276,2,342.49,145.19,27.35,77.36,0.89,-1,-1,-1
277,2,344.10,146.04,27.89,76.15,0.89,-1,-1,-1
278,2,344.70,145.97,28.58,75.66,0.91,-1,-1,-1
279,2,344.59,146.09,29.27,75.38,0.91,-1,-1,-1
280,2,346.67,143.99,30.16,76.54,0.86,-1,-1,-1
281,2,347.98,142.41,30.69,77.04,0.92,-1,-1,-1
282,2,349.50,141.17,31.09,77.71,0.92,-1,-1,-1
283,2,351.40,140.15,31.08,77.70,0.89,-1,-1,-1
284,2,353.51,139.14,30.75,77.35,0.71,-1,-1,-1
285,2,354.34,139.00,30.46,77.02,0.80,-1,-1,-1
286,2,357.16,137.01,29.88,76.26,0.37,-1,-1,-1
287,2,357.26,135.05,30.68,77.10,0.65,-1,-1,-1
288,2,357.84,133.36,31.37,77.51,0.49,-1,-1,-1
289,2,360.41,133.20,31.67,77.36,0.54,-1,-1,-1
290,2,362.56,131.18,32.27,78.03,0.81,-1,-1,-1
291,2,363.29,130.63,32.58,78.08,0.81,-1,-1,-1
292,2,368.43,130.05,31.89,77.66,0.79,-1,-1,-1
293,2,370.98,129.18,31.43,77.42,0.83,-1,-1,-1
294,2,372.72,127.96,31.29,77.61,0.82,-1,-1,-1
295,2,374.76,128.90,30.56,76.37,0.73,-1,-1,-1
296,2,374.68,126.69,31.07,78.11,0.90,-1,-1,-1
297,2,374.65,125.81,31.19,78.88,0.90,-1,-1,-1
298,2,377.19,123.69,30.91,79.16,0.90,-1,-1,-1
299,2,379.59,122.38,30.62,80.07,0.57,-1,-1,-1
300,2,381.25,121.79,29.80,80.01,0.12,-1,-1,-1
301,2,382.35,121.76,28.89,79.26,0.12,-1,-1,-1
302,2,383.71,120.70,28.30,79.20,0.61,-1,-1,-1
303,2,384.37,120.49,27.67,78.92,0.60,-1,-1,-1
305,2,387.72,120.02,27.67,79.35,0.60,-1,-1,-1
307,2,391.93,121.01,27.43,78.50,0.75,-1,-1,-1
308,2,394.90,121.36,27.41,78.28,0.79,-1,-1,-1
309,2,395.84,121.60,27.42,78.19,0.73,-1,-1,-1
310,2,399.89,121.67,27.39,78.14,0.87,-1,-1,-1
311,2,403.18,122.41,27.19,77.42,0.88,-1,-1,-1
312,2,406.32,123.63,26.93,76.18,0.81,-1,-1,-1
313,2,409.06,124.93,26.71,74.73,0.90,-1,-1,-1
314,2,410.89,124.87,27.05,74.48,0.91,-1,-1,-1
315,2,411.42,124.85,27.38,74.39,0.91,-1,-1,-1
316,2,414.18,124.16,27.99,75.17,0.89,-1,-1,-1
317,2,415.99,123.54,28.86,75.81,0.84,-1,-1,-1
386,2,422.02,143.93,33.72,84.28,0.95,-1,-1,-1
387,2,423.73,151.43,36.49,87.37,0.95,-1,-1,-1
388,2,423.12,154.26,38.06,88.66,0.95,-1,-1,-1
389,2,421.31,154.04,38.61,90.05,0.95,-1,-1,-1
390,2,420.46,153.31,38.95,91.15,0.94,-1,-1,-1
391,2,420.86,152.65,39.17,91.76,0.95,-1,-1,-1
392,2,422.35,151.81,39.30,91.95,0.94,-1,-1,-1
393,2,422.86,151.42,39.36,91.98,0.94,-1,-1,-1
394,2,425.02,151.29,38.80,90.32,0.95,-1,-1,-1
395,2,426.18,152.17,37.78,86.29,0.96,-1,-1,-1
396,2,425.60,153.29,37.92,85.30,0.96,-1,-1,-1
397,2,424.43,154.65,37.86,84.13,0.96,-1,-1,-1
398,2,422.64,155.57,37.60,83.21,0.96,-1,-1,-1
399,2,421.90,155.90,37.57,82.83,0.96,-1,-1,-1
400,2,419.80,156.17,37.28,82.63,0.95,-1,-1,-1
401,2,417.94,155.52,37.19,82.79,0.96,-1,-1,-1
402,2,417.67,154.32,37.66,83.62,0.96,-1,-1,-1
403,2,417.45,152.74,38.55,84.99,0.96,-1,-1,-1
404,2,417.01,151.37,39.39,85.83,0.95,-1,-1,-1
405,2,416.72,150.82,39.95,86.16,0.95,-1,-1,-1
406,2,416.67,149.96,40.20,85.54,0.95,-1,-1,-1
407,2,415.87,149.11,39.33,82.56,0.95,-1,-1,-1
408,2,414.38,148.85,38.78,81.02,0.96,-1,-1,-1
409,2,411.28,148.55,38.51,80.56,0.95,-1,-1,-1
410,2,406.91,148.11,38.46,80.81,0.95,-1,-1,-1
411,2,405.35,147.93,38.33,80.90,0.95,-1,-1,-1
412,2,402.82,146.89,38.16,81.49,0.95,-1,-1,-1
413,2,402.50,145.36,38.56,81.94,0.96,-1,-1,-1
414,2,402.72,144.40,39.05,82.39,0.96,-1,-1,-1
415,2,403.28,143.97,39.09,81.30,0.95,-1,-1,-1
416,2,403.69,144.00,38.67,78.84,0.95,-1,-1,-1
417,2,403.69,144.03,38.93,77.94,0.95,-1,-1,-1
418,2,402.85,144.35,38.39,75.30,0.93,-1,-1,-1
419,2,399.31,145.05,38.25,74.44,0.91,-1,-1,-1
420,2,395.18,144.88,39.30,77.26,0.94,-1,-1,-1
421,2,391.41,144.09,39.36,79.05,0.91,-1,-1,-1
422,2,388.11,142.57,39.36,81.16,0.92,-1,-1,-1
423,2,387.22,142.01,38.79,81.98,0.92,-1,-1,-1
424,2,386.95,140.62,38.81,83.20,0.93,-1,-1,-1
425,2,386.17,137.97,38.22,82.60,0.92,-1,-1,-1
426,2,385.83,136.48,37.38,80.74,0.92,-1,-1,-1
427,2,385.43,135.59,37.39,79.97,0.89,-1,-1,-1
428,2,382.56,135.23,39.60,84.27,0.94,-1,-1,-1
429,2,381.45,135.12,40.52,85.83,0.94,-1,-1,-1
430,2,381.12,135.38,38.04,80.21,0.90,-1,-1,-1
431,2,376.45,136.07,36.01,76.68,0.91,-1,-1,-1
432,2,371.58,135.82,35.16,76.01,0.91,-1,-1,-1
433,2,369.47,134.90,34.16,73.78,0.87,-1,-1,-1
434,2,364.92,133.66,34.99,76.80,0.92,-1,-1,-1
435,2,363.53,133.21,34.87,77.65,0.92,-1,-1,-1
436,2,363.40,132.37,34.83,77.62,0.83,-1,-1,-1
437,2,363.13,131.63,36.12,79.21,0.65,-1,-1,-1
438,2,359.31,131.54,37.29,79.98,0.88,-1,-1,-1
439,2,357.19,131.58,38.17,80.75,0.18,-1,-1,-1
443,2,345.27,133.04,35.29,77.34,0.86,-1,-1,-1
444,2,343.23,132.21,34.95,78.83,0.90,-1,-1,-1
445,2,341.15,131.11,35.08,81.12,0.92,-1,-1,-1
446,2,340.21,129.74,34.19,80.37,0.92,-1,-1,-1
447,2,340.12,129.22,33.54,79.99,0.92,-1,-1,-1
448,2,339.66,128.12,33.04,79.28,0.90,-1,-1,-1
449,2,336.73,127.01,33.13,77.46,0.92,-1,-1,-1
450,2,334.36,126.69,33.73,76.53,0.94,-1,-1,-1
451,2,331.91,126.89,34.67,77.43,0.95,-1,-1,-1
452,2,329.91,127.65,34.69,77.20,0.94,-1,-1,-1
453,2,329.21,127.94,34.77,77.14,0.95,-1,-1,-1
454,2,328.27,128.11,34.23,77.17,0.94,-1,-1,-1
455,2,322.66,126.97,33.78,78.27,0.94,-1,-1,-1
456,2,319.56,125.58,33.47,79.53,0.93,-1,-1,-1
457,2,318.01,124.33,33.61,81.01,0.94,-1,-1,-1
458,2,317.38,123.23,33.72,81.94,0.95,-1,-1,-1
459,2,317.33,122.82,33.62,82.28,0.95,-1,-1,-1
460,2,316.03,122.34,33.71,81.97,0.95,-1,-1,-1
461,2,312.74,122.23,33.93,80.36,0.96,-1,-1,-1
462,2,310.71,122.80,34.26,79.36,0.96,-1,-1,-1
463,2,309.68,123.67,34.13,78.32,0.95,-1,-1,-1
464,2,308.65,124.07,33.80,77.97,0.94,-1,-1,-1
465,2,308.39,124.24,33.58,77.83,0.94,-1,-1,-1
466,2,306.30,124.24,33.04,77.63,0.92,-1,-1,-1
467,2,300.88,122.77,32.61,78.75,0.89,-1,-1,-1
468,2,295.84,121.20,33.19,80.13,0.91,-1,-1,-1
469,2,294.31,119.80,33.66,81.35,0.95,-1,-1,-1
470,2,294.52,118.64,33.62,81.98,0.95,-1,-1,-1
471,2,294.74,118.23,33.45,82.20,0.95,-1,-1,-1
472,2,293.56,117.90,33.39,81.50,0.95,-1,-1,-1
473,2,290.98,117.76,32.59,77.93,0.95,-1,-1,-1
474,2,289.43,118.04,32.13,76.24,0.95,-1,-1,-1
475,2,288.30,118.29,31.44,75.25,0.94,-1,-1,-1
476,2,286.05,118.25,30.84,74.97,0.94,-1,-1,-1
477,2,285.40,118.25,30.38,74.90,0.94,-1,-1,-1
478,2,283.04,117.25,30.17,75.87,0.91,-1,-1,-1
479,2,279.56,113.98,30.36,78.36,0.91,-1,-1,-1
480,2,277.30,110.52,30.98,81.42,0.90,-1,-1,-1
481,2,275.47,105.67,32.31,86.41,0.89,-1,-1,-1
482,2,273.93,108.32,31.44,83.49,0.94,-1,-1,-1
483,2,273.39,109.48,31.19,82.30,0.94,-1,-1,-1
484,2,271.52,110.16,31.16,80.41,0.94,-1,-1,-1
485,2,269.44,111.88,30.70,76.70,0.95,-1,-1,-1
486,2,268.21,112.52,30.66,75.32,0.95,-1,-1,-1
487,2,266.82,112.75,30.46,74.69,0.95,-1,-1,-1
488,2,264.53,112.78,30.18,74.51,0.94,-1,-1,-1
489,2,263.80,112.83,29.96,74.42,0.94,-1,-1,-1
490,2,261.39,112.10,29.78,75.19,0.93,-1,-1,-1
491,2,257.30,110.32,29.44,76.40,0.93,-1,-1,-1
492,2,255.34,108.74,29.26,77.72,0.93,-1,-1,-1
493,2,254.22,107.58,29.00,78.52,0.93,-1,-1,-1
494,2,252.50,106.53,29.00,78.92,0.94,-1,-1,-1
495,2,251.95,106.17,28.92,79.07,0.94,-1,-1,-1
496,2,250.53,106.42,28.80,78.06,0.93,-1,-1,-1
497,2,248.67,107.12,27.91,74.70,0.94,-1,-1,-1
498,2,247.51,107.95,26.95,72.02,0.93,-1,-1,-1
499,2,246.38,108.21,26.28,70.91,0.92,-1,-1,-1
500,2,244.33,106.73,26.09,71.91,0.90,-1,-1,-1
501,2,243.80,106.21,25.70,72.29,0.91,-1,-1,-1
502,2,241.35,105.33,25.16,72.41,0.83,-1,-1,-1
503,2,239.05,104.42,24.72,72.98,0.86,-1,-1,-1
504,2,238.06,103.17,24.08,72.56,0.82,-1,-1,-1
505,2,237.31,103.06,23.27,71.02,0.78,-1,-1,-1
506,2,235.12,102.13,23.40,72.03,0.79,-1,-1,-1
507,2,234.48,101.84,23.33,72.34,0.79,-1,-1,-1
508,2,233.29,102.08,22.39,70.08,0.83,-1,-1,-1
509,2,232.49,102.40,22.68,70.36,0.69,-1,-1,-1
510,2,232.67,102.20,22.95,70.25,0.87,-1,-1,-1
511,2,231.97,102.47,23.08,69.92,0.89,-1,-1,-1
512,2,230.83,102.30,23.05,69.50,0.89,-1,-1,-1
513,2,230.44,102.26,23.09,69.37,0.89,-1,-1,-1
514,2,228.88,101.60,22.74,68.93,0.86,-1,-1,-1
515,2,225.19,100.24,22.83,69.51,0.88,-1,-1,-1
516,2,224.00,100.40,21.83,66.14,0.89,-1,-1,-1
517,2,223.15,98.98,22.07,66.84,0.89,-1,-1,-1
518,2,222.55,97.95,22.24,67.30,0.90,-1,-1,-1
519,2,222.38,97.61,22.31,67.44,0.90,-1,-1,-1
520,2,221.99,97.26,22.41,67.76,0.90,-1,-1,-1
521,2,221.28,98.00,22.25,67.55,0.91,-1,-1,-1
522,2,220.28,98.70,22.47,68.98,0.90,-1,-1,-1
523,2,219.55,99.78,21.52,66.37,0.91,-1,-1,-1
524,2,217.99,100.31,21.16,65.53,0.91,-1,-1,-1
525,2,217.50,100.56,20.97,65.16,0.91,-1,-1,-1
526,2,216.66,99.39,20.93,66.01,0.90,-1,-1,-1
527,2,214.97,97.91,20.77,67.19,0.91,-1,-1,-1
528,2,214.24,97.79,20.28,67.15,0.89,-1,-1,-1
529,2,213.94,96.54,20.31,68.39,0.89,-1,-1,-1
530,2,213.50,96.03,20.21,68.86,0.89,-1,-1,-1
531,2,213.44,95.86,20.03,69.00,0.89,-1,-1,-1
532,2,212.11,97.07,19.54,66.33,0.89,-1,-1,-1
533,2,210.82,96.61,20.15,66.91,0.91,-1,-1,-1
534,2,210.59,97.45,20.26,65.66,0.91,-1,-1,-1
535,2,210.52,97.41,20.69,65.81,0.92,-1,-1,-1
536,2,210.27,97.90,20.67,64.57,0.91,-1,-1,-1
537,2,210.10,97.99,20.87,64.18,0.91,-1,-1,-1
538,2,209.50,98.56,20.86,63.23,0.90,-1,-1,-1
539,2,207.08,96.27,21.68,65.51,0.92,-1,-1,-1
540,2,205.43,95.79,21.72,65.79,0.91,-1,-1,-1
541,2,204.09,95.52,21.60,65.98,0.89,-1,-1,-1
542,2,203.16,95.75,21.15,65.94,0.82,-1,-1,-1
543,2,203.00,95.76,20.77,66.07,0.82,-1,-1,-1
544,2,202.15,95.84,20.35,65.96,0.84,-1,-1,-1
545,2,201.65,97.42,19.57,63.78,0.88,-1,-1,-1
546,2,200.87,98.19,19.44,62.94,0.89,-1,-1,-1
547,2,199.89,98.42,19.72,62.80,0.91,-1,-1,-1
548,2,199.07,97.34,20.46,64.01,0.90,-1,-1,-1
549,2,198.72,96.82,20.96,64.58,0.90,-1,-1,-1
550,2,198.13,96.09,21.56,65.24,0.91,-1,-1,-1
551,2,197.75,98.28,21.56,63.28,0.90,-1,-1,-1
552,2,197.35,99.52,21.71,61.85,0.90,-1,-1,-1
553,2,196.86,99.73,21.89,60.65,0.91,-1,-1,-1
554,2,196.23,99.87,22.27,60.20,0.90,-1,-1,-1
555,2,195.90,99.95,22.71,60.09,0.90,-1,-1,-1
556,2,195.33,99.98,23.10,60.22,0.89,-1,-1,-1
557,2,192.72,94.71,24.69,64.50,0.87,-1,-1,-1
558,2,190.62,92.33,25.34,66.76,0.87,-1,-1,-1
559,2,189.31,91.60,25.16,67.25,0.88,-1,-1,-1
560,2,188.46,92.75,24.48,66.37,0.88,-1,-1,-1
561,2,188.29,93.26,24.01,66.00,0.89,-1,-1,-1
562,2,187.97,94.28,23.24,64.54,0.90,-1,-1,-1
563,2,186.76,96.29,22.72,62.69,0.90,-1,-1,-1
564,2,186.33,97.52,22.50,61.79,0.92,-1,-1,-1
565,2,185.68,98.99,22.19,59.95,0.92,-1,-1,-1
566,2,184.71,100.34,22.16,58.39,0.92,-1,-1,-1
567,2,184.23,100.79,22.46,57.90,0.92,-1,-1,-1
568,2,183.26,102.61,22.51,56.15,0.92,-1,-1,-1
569,2,182.32,103.64,23.02,55.87,0.90,-1,-1,-1
570,2,181.63,104.50,23.44,55.62,0.90,-1,-1,-1
571,2,181.37,105.98,23.37,54.27,0.90,-1,-1,-1
572,2,181.05,107.19,23.35,53.21,0.91,-1,-1,-1
573,2,180.83,107.57,23.59,52.86,0.91,-1,-1,-1
574,2,180.39,107.89,24.00,53.39,0.90,-1,-1,-1
575,2,179.60,109.14,23.88,53.28,0.79,-1,-1,-1
576,2,178.57,110.45,24.27,53.64,0.69,-1,-1,-1
577,2,178.00,110.77,24.88,54.49,0.67,-1,-1,-1
578,2,177.46,110.91,24.65,53.32,0.59,-1,-1,-1
579,2,177.34,110.94,24.73,52.96,0.55,-1,-1,-1
580,2,178.94,110.50,24.44,52.66,0.75,-1,-1,-1
581,2,180.19,109.00,25.46,55.92,0.84,-1,-1,-1
582,2,180.45,108.03,25.96,58.04,0.87,-1,-1,-1
583,2,180.40,107.17,25.35,57.36,0.81,-1,-1,-1
584,2,180.30,106.67,24.48,56.07,0.84,-1,-1,-1
585,2,180.36,106.45,23.96,55.48,0.85,-1,-1,-1
586,2,179.93,106.24,23.57,55.13,0.89,-1,-1,-1
587,2,178.90,106.20,23.15,54.82,0.90,-1,-1,-1
588,2,178.51,106.99,22.88,55.12,0.92,-1,-1,-1
589,2,177.92,108.60,22.49,54.94,0.91,-1,-1,-1
590,2,177.54,110.63,21.77,53.50,0.88,-1,-1,-1
591,2,177.46,111.41,21.41,52.92,0.87,-1,-1,-1
592,2,176.32,112.97,22.62,56.55,0.88,-1,-1,-1
593,2,174.11,115.54,23.53,58.88,0.90,-1,-1,-1
594,2,172.37,116.70,23.82,59.42,0.88,-1,-1,-1
595,2,171.08,117.90,24.19,59.75,0.88,-1,-1,-1
596,2,169.13,118.50,24.23,60.62,0.86,-1,-1,-1
597,2,168.46,118.64,24.11,61.05,0.86,-1,-1,-1
598,2,169.61,119.30,24.53,61.63,0.85,-1,-1,-1
599,2,167.98,118.76,25.52,65.09,0.77,-1,-1,-1
600,2,166.54,119.15,25.35,65.69,0.85,-1,-1,-1
601,2,166.27,119.30,25.01,65.95,0.88,-1,-1,-1
602,2,166.09,119.30,24.57,66.10,0.91,-1,-1,-1
603,2,166.19,119.30,24.12,66.12,0.91,-1,-1,-1
604,2,166.31,118.71,23.79,66.55,0.89,-1,-1,-1
605,2,167.49,116.80,24.50,68.39,0.86,-1,-1,-1
606,2,167.57,114.04,25.34,70.77,0.85,-1,-1,-1
607,2,166.80,115.30,24.57,69.53,0.79,-1,-1,-1
608,2,166.19,116.27,24.00,68.83,0.91,-1,-1,-1
609,2,166.09,116.69,23.60,68.52,0.91,-1,-1,-1
610,2,166.12,117.02,23.69,69.40,0.89,-1,-1,-1
611,2,166.08,118.60,23.56,69.43,0.88,-1,-1,-1
612,2,166.43,120.99,22.64,66.81,0.86,-1,-1,-1
613,2,166.91,123.06,22.15,64.85,0.90,-1,-1,-1
614,2,167.15,124.99,22.03,63.56,0.89,-1,-1,-1
615,2,167.16,125.67,22.15,63.12,0.89,-1,-1,-1
616,2,167.04,126.58,21.69,61.12,0.84,-1,-1,-1
617,2,166.61,127.92,21.62,60.70,0.88,-1,-1,-1
618,2,166.62,128.72,22.17,62.42,0.82,-1,-1,-1
619,2,167.87,129.54,21.89,60.51,0.86,-1,-1,-1
620,2,167.91,130.06,22.16,61.22,0.86,-1,-1,-1
621,2,167.93,130.23,22.30,61.59,0.86,-1,-1,-1
622,2,166.95,130.19,23.40,65.13,0.84,-1,-1,-1
623,2,166.51,132.00,23.22,65.36,0.78,-1,-1,-1
624,2,166.99,133.73,23.57,66.66,0.59,-1,-1,-1
625,2,166.51,138.79,24.07,67.81,0.27,-1,-1,-1
628,2,169.25,143.00,23.09,62.30,0.55,-1,-1,-1
629,2,173.00,138.66,25.26,66.23,0.85,-1,-1,-1
630,2,174.85,140.27,25.77,65.30,0.86,-1,-1,-1
631,2,176.14,140.69,26.27,64.05,0.89,-1,-1,-1
632,2,176.57,140.93,27.30,63.86,0.85,-1,-1,-1
633,2,176.33,140.93,28.32,63.90,0.84,-1,-1,-1
634,2,175.68,140.62,30.26,65.53,0.90,-1,-1,-1
635,2,177.03,142.49,31.68,66.20,0.92,-1,-1,-1
636,2,178.00,144.02,32.86,66.70,0.92,-1,-1,-1
637,2,178.76,144.64,33.90,67.37,0.89,-1,-1,-1
638,2,179.08,144.83,35.13,68.93,0.89,-1,-1,-1
639,2,179.11,144.89,35.84,69.56,0.89,-1,-1,-1
640,2,180.30,147.26,35.39,67.70,0.92,-1,-1,-1
641,2,182.07,149.34,34.57,65.70,0.92,-1,-1,-1
642,2,184.71,152.32,32.94,62.42,0.88,-1,-1,-1
643,2,187.24,154.22,31.57,60.34,0.91,-1,-1,-1
644,2,189.14,155.23,30.71,59.41,0.88,-1,-1,-1
645,2,189.80,155.58,30.14,59.00,0.88,-1,-1,-1
646,2,190.60,155.61,30.27,59.63,0.86,-1,-1,-1
647,2,190.23,155.58,30.66,60.88,0.85,-1,-1,-1
648,2,190.11,155.73,29.96,60.06,0.87,-1,-1,-1
649,2,189.22,155.65,29.94,60.13,0.86,-1,-1,-1
650,2,187.38,155.37,29.69,58.62,0.83,-1,-1,-1
651,2,186.78,155.28,29.80,58.21,0.82,-1,-1,-1
652,2,186.23,154.97,29.76,57.33,0.83,-1,-1,-1
653,2,184.83,154.80,32.80,63.09,0.85,-1,-1,-1
654,2,185.91,154.63,34.16,66.66,0.87,-1,-1,-1
655,2,185.49,154.48,34.51,68.44,0.86,-1,-1,-1
656,2,184.18,154.43,34.76,69.68,0.89,-1,-1,-1
657,2,183.82,154.39,34.67,70.18,0.88,-1,-1,-1
658,2,183.48,154.37,34.58,70.55,0.87,-1,-1,-1
659,2,183.07,154.11,34.14,70.96,0.88,-1,-1,-1
660,2,183.34,154.09,33.96,71.66,0.85,-1,-1,-1
661,2,184.65,154.10,33.56,72.38,0.88,-1,-1,-1
662,2,185.40,154.27,32.93,72.53,0.88,-1,-1,-1
663,2,185.85,154.34,32.28,72.53,0.88,-1,-1,-1
664,2,186.23,154.45,31.95,72.99,0.90,-1,-1,-1
665,2,186.58,154.56,31.67,73.41,0.90,-1,-1,-1
666,2,187.18,154.80,31.80,74.33,0.90,-1,-1,-1
667,2,187.68,154.90,31.87,74.91,0.92,-1,-1,-1
668,2,188.07,154.96,31.79,75.17,0.92,-1,-1,-1
669,2,188.26,154.97,31.65,75.23,0.93,-1,-1,-1
670,2,188.63,154.92,31.56,75.43,0.90,-1,-1,-1
671,2,189.25,154.51,31.58,75.62,0.85,-1,-1,-1
672,2,190.59,153.86,31.62,76.05,0.73,-1,-1,-1
673,2,191.59,153.64,30.42,74.22,0.81,-1,-1,-1
674,2,193.16,154.01,28.91,71.07,0.76,-1,-1,-1
675,2,193.75,154.03,28.26,70.03,0.77,-1,-1,-1
676,2,194.84,155.18,27.13,67.89,0.19,-1,-1,-1
677,2,195.28,155.36,26.80,67.74,0.47,-1,-1,-1
678,2,200.38,148.95,33.20,79.87,0.63,-1,-1,-1
679,2,196.50,152.22,28.57,68.53,0.71,-1,-1,-1
680,2,196.33,153.91,28.51,68.23,0.78,-1,-1,-1
681,2,196.24,154.45,28.59,68.21,0.79,-1,-1,-1
682,2,195.31,155.11,29.87,71.33,0.85,-1,-1,-1
683,2,194.88,155.08,30.68,73.84,0.85,-1,-1,-1
684,2,196.06,155.73,30.56,74.22,0.80,-1,-1,-1
685,2,195.43,156.10,31.24,75.89,0.86,-1,-1,-1
686,2,195.10,156.35,31.28,75.58,0.87,-1,-1,-1
687,2,194.94,156.41,31.38,75.47,0.87,-1,-1,-1
688,2,195.15,156.31,31.44,75.41,0.87,-1,-1,-1
689,2,193.84,156.32,32.08,75.60,0.89,-1,-1,-1
690,2,194.96,158.10,31.87,74.26,0.89,-1,-1,-1
691,2,194.75,158.76,32.48,74.94,0.91,-1,-1,-1
692,2,194.56,159.35,33.34,76.45,0.92,-1,-1,-1
693,2,194.44,159.60,33.76,76.98,0.92,-1,-1,-1
694,2,195.56,160.63,33.88,78.32,0.90,-1,-1,-1
695,2,195.95,161.56,33.79,79.44,0.92,-1,-1,-1
696,2,195.20,162.51,34.21,82.88,0.93,-1,-1,-1
697,2,194.94,163.35,33.77,84.35,0.93,-1,-1,-1
698,2,195.31,164.26,33.02,84.81,0.93,-1,-1,-1
699,2,195.69,164.60,32.24,84.96,0.93,-1,-1,-1
700,2,196.30,165.03,31.43,84.93,0.93,-1,-1,-1
701,2,197.06,165.60,30.63,84.99,0.89,-1,-1,-1
702,2,198.55,165.97,29.76,85.24,0.93,-1,-1,-1
703,2,200.43,166.23,28.78,85.47,0.91,-1,-1,-1
704,2,201.88,166.30,27.86,85.84,0.92,-1,-1,-1
705,2,202.70,166.31,26.95,85.96,0.92,-1,-1,-1
706,2,203.55,166.25,26.22,86.43,0.88,-1,-1,-1
707,2,204.43,166.27,25.50,86.98,0.90,-1,-1,-1
708,2,206.24,166.40,25.12,87.92,0.92,-1,-1,-1
709,2,207.52,166.50,24.88,88.54,0.91,-1,-1,-1
710,2,208.81,166.91,24.59,88.61,0.93,-1,-1,-1
711,2,209.37,167.05,24.32,88.61,0.93,-1,-1,-1
712,2,210.17,167.03,24.21,89.04,0.93,-1,-1,-1
713,2,210.64,167.37,24.07,88.98,0.94,-1,-1,-1
714,2,211.09,168.41,24.02,88.79,0.93,-1,-1,-1
715,2,211.27,169.01,24.24,89.48,0.94,-1,-1,-1
716,2,211.45,169.62,24.24,89.67,0.95,-1,-1,-1
717,2,211.52,169.84,24.20,89.71,0.95,-1,-1,-1
718,2,211.45,170.36,24.13,89.64,0.95,-1,-1,-1
719,2,211.18,170.74,24.28,90.33,0.95,-1,-1,-1
720,2,210.88,171.97,24.28,90.37,0.94,-1,-1,-1
721,2,210.65,172.80,24.24,90.28,0.95,-1,-1,-1
722,2,210.40,173.56,24.15,89.97,0.95,-1,-1,-1
723,2,210.29,173.83,24.12,89.86,0.95,-1,-1,-1
724,2,210.24,174.16,24.07,89.79,0.95,-1,-1,-1
725,2,210.36,174.71,23.88,89.57,0.95,-1,-1,-1
726,2,210.73,175.54,23.68,89.65,0.94,-1,-1,-1
727,2,210.93,176.37,23.55,89.88,0.93,-1,-1,-1
728,2,211.20,177.28,23.33,89.38,0.93,-1,-1,-1
729,2,211.32,177.60,23.21,89.20,0.93,-1,-1,-1
730,2,211.53,178.64,23.24,88.76,0.95,-1,-1,-1
731,2,211.83,180.42,23.65,88.34,0.95,-1,-1,-1
732,2,210.49,184.49,24.55,86.30,0.95,-1,-1,-1
733,2,208.05,187.11,25.80,84.55,0.95,-1,-1,-1
734,2,205.38,190.46,27.05,81.91,0.96,-1,-1,-1
735,2,203.85,191.66,28.58,80.94,0.96,-1,-1,-1
736,2,201.62,194.70,29.85,78.30,0.93,-1,-1,-1
737,2,200.07,196.92,31.23,76.30,0.95,-1,-1,-1
738,2,198.90,199.89,32.68,74.85,0.94,-1,-1,-1
739,2,195.44,202.15,34.92,74.16,0.89,-1,-1,-1
740,2,190.17,204.30,38.02,74.51,0.93,-1,-1,-1
741,2,187.33,205.09,40.75,74.54,0.92,-1,-1,-1
742,2,184.75,206.55,43.11,73.98,0.94,-1,-1,-1
743,2,182.00,207.33,45.31,73.48,0.95,-1,-1,-1
744,2,181.29,207.99,46.44,73.20,0.96,-1,-1,-1
745,2,180.30,207.75,47.27,73.57,0.95,-1,-1,-1
746,2,179.52,207.29,47.53,74.20,0.95,-1,-1,-1
747,2,179.29,207.08,47.56,74.47,0.95,-1,-1,-1
748,2,177.74,206.46,47.30,75.17,0.94,-1,-1,-1
749,2,175.08,204.98,47.07,76.59,0.95,-1,-1,-1
750,2,170.09,201.75,48.02,81.23,0.94,-1,-1,-1
751,2,167.44,200.52,48.40,85.45,0.95,-1,-1,-1
752,2,166.62,199.97,47.87,88.28,0.95,-1,-1,-1
753,2,166.94,199.80,46.48,89.30,0.95,-1,-1,-1
754,2,167.79,199.99,44.94,89.64,0.94,-1,-1,-1
755,2,167.61,199.78,43.93,90.29,0.95,-1,-1,-1
756,2,163.46,199.52,44.06,90.77,0.96,-1,-1,-1
757,2,160.04,199.67,44.53,90.95,0.96,-1,-1,-1
758,2,156.87,199.24,45.86,92.38,0.97,-1,-1,-1
759,2,155.56,199.07,46.70,92.92,0.97,-1,-1,-1
760,2,153.55,199.21,47.89,93.87,0.97,-1,-1,-1
761,2,151.58,200.84,48.64,93.94,0.97,-1,-1,-1
762,2,148.17,202.60,50.50,97.25,0.96,-1,-1,-1
763,2,145.95,204.17,51.12,98.82,0.96,-1,-1,-1
764,2,144.51,206.47,50.09,97.61,0.96,-1,-1,-1
765,2,144.15,207.34,49.47,97.09,0.96,-1,-1,-1
766,2,143.00,208.41,48.28,96.12,0.95,-1,-1,-1
767,2,141.76,210.23,46.65,94.65,0.96,-1,-1,-1
768,2,139.63,212.66,44.20,92.57,0.94,-1,-1,-1
769,2,138.20,211.43,43.30,93.88,0.94,-1,-1,-1
770,2,136.92,211.24,42.13,94.03,0.94,-1,-1,-1
771,2,136.83,211.12,41.03,94.10,0.94,-1,-1,-1
772,2,135.57,211.87,40.00,93.46,0.95,-1,-1,-1
773,2,133.43,211.80,39.75,93.89,0.92,-1,-1,-1
774,2,131.75,211.38,39.80,94.54,0.92,-1,-1,-1
775,2,130.40,206.33,41.44,99.70,0.92,-1,-1,-1
776,2,130.20,202.44,42.44,103.96,0.87,-1,-1,-1
777,2,130.44,201.23,42.28,105.28,0.87,-1,-1,-1
778,2,130.76,194.87,43.59,111.66,0.89,-1,-1,-1
779,2,130.65,189.65,44.10,116.24,0.91,-1,-1,-1
780,2,127.68,174.75,47.75,130.57,0.93,-1,-1,-1
781,2,127.49,168.35,47.46,135.28,0.87,-1,-1,-1
782,2,128.24,172.31,43.83,128.78,0.89,-1,-1,-1
783,2,128.94,174.06,41.68,126.05,0.89,-1,-1,-1
784,2,128.10,167.88,42.05,131.49,0.89,-1,-1,-1
785,2,128.03,165.65,41.10,132.77,0.88,-1,-1,-1
786,2,128.23,166.98,39.06,130.91,0.83,-1,-1,-1
787,2,127.64,166.78,38.07,132.14,0.83,-1,-1,-1
788,2,126.93,167.19,36.55,131.43,0.85,-1,-1,-1
789,2,127.10,167.54,35.24,130.99,0.85,-1,-1,-1
790,2,127.20,169.16,34.36,131.77,0.85,-1,-1,-1
791,2,126.61,170.24,34.01,133.98,0.85,-1,-1,-1
792,2,125.89,173.17,33.71,136.24,0.86,-1,-1,-1
793,2,126.63,183.24,31.46,129.63,0.90,-1,-1,-1
794,2,127.03,193.71,29.33,122.39,0.91,-1,-1,-1
795,2,127.31,197.53,28.38,119.77,0.91,-1,-1,-1
796,2,126.61,202.82,27.53,116.53,0.89,-1,-1,-1
797,2,125.82,206.74,27.06,114.99,0.86,-1,-1,-1
798,2,125.17,226.53,24.62,101.06,0.91,-1,-1,-1
799,2,124.48,235.73,24.72,98.24,0.91,-1,-1,-1
800,2,125.14,240.08,25.25,98.76,0.93,-1,-1,-1
801,2,125.26,241.47,25.67,99.00,0.93,-1,-1,-1
802,2,125.23,244.23,26.11,99.27,0.94,-1,-1,-1
803,2,125.38,246.23,26.93,100.75,0.94,-1,-1,-1
804,2,126.18,249.59,28.11,102.58,0.94,-1,-1,-1
805,2,126.82,252.83,28.96,102.56,0.95,-1,-1,-1
806,2,127.32,254.38,30.23,103.80,0.94,-1,-1,-1
807,2,127.27,254.79,31.22,104.32,0.95,-1,-1,-1
808,2,127.61,255.86,32.14,104.36,0.95,-1,-1,-1
809,2,127.87,258.02,32.81,103.06,0.95,-1,-1,-1
810,2,128.63,260.48,33.43,100.60,0.96,-1,-1,-1
811,2,129.19,262.27,34.23,98.67,0.96,-1,-1,-1
812,2,129.42,263.61,35.21,97.30,0.96,-1,-1,-1
813,2,129.15,264.00,36.35,96.83,0.96,-1,-1,-1
814,2,129.27,264.53,37.46,96.31,0.96,-1,-1,-1
815,2,129.91,265.39,38.23,95.18,0.96,-1,-1,-1
816,2,133.17,268.19,38.03,92.39,0.96,-1,-1,-1
817,2,136.15,270.05,37.72,90.26,0.95,-1,-1,-1
818,2,139.00,270.60,37.56,89.89,0.96,-1,-1,-1
819,2,139.99,270.73,37.50,89.79,0.96,-1,-1,-1
820,2,141.86,269.95,37.80,90.41,0.96,-1,-1,-1
821,2,143.19,269.48,37.62,90.53,0.92,-1,-1,-1
822,2,147.43,267.97,38.09,91.94,0.94,-1,-1,-1
823,2,150.22,264.86,39.14,95.19,0.91,-1,-1,-1
824,2,153.68,266.68,38.01,93.24,0.94,-1,-1,-1
825,2,155.02,267.37,37.41,92.48,0.94,-1,-1,-1
826,2,156.69,268.87,36.40,90.93,0.94,-1,-1,-1
827,2,159.46,271.22,35.05,88.60,0.93,-1,-1,-1
828,2,162.56,274.71,33.51,85.27,0.91,-1,-1,-1
829,2,165.84,280.23,32.11,79.68,0.92,-1,-1,-1
830,2,170.66,284.45,31.02,75.55,0.91,-1,-1,-1
831,2,172.11,285.88,30.94,74.14,0.91,-1,-1,-1
832,2,175.56,287.71,30.82,72.37,0.92,-1,-1,-1
833,2,178.61,289.23,31.17,70.82,0.92,-1,-1,-1
834,2,181.18,289.90,32.11,70.25,0.90,-1,-1,-1
835,2,187.88,289.73,33.72,70.34,0.91,-1,-1,-1
836,2,194.68,289.40,34.86,70.38,0.88,-1,-1,-1
837,2,196.83,289.22,35.89,70.45,0.88,-1,-1,-1
838,2,201.13,288.53,36.96,71.00,0.86,-1,-1,-1
839,2,206.27,286.70,38.14,73.00,0.89,-1,-1,-1
840,2,209.48,284.35,39.59,75.47,0.84,-1,-1,-1
841,2,217.04,281.46,40.96,78.30,0.89,-1,-1,-1
842,2,222.79,280.16,41.65,79.64,0.88,-1,-1,-1
843,2,224.86,279.63,41.89,80.19,0.88,-1,-1,-1
844,2,230.49,279.00,41.77,80.91,0.91,-1,-1,-1
845,2,237.02,278.98,41.17,81.00,0.92,-1,-1,-1
846,2,243.68,280.11,40.07,79.65,0.90,-1,-1,-1
847,2,253.37,282.69,38.68,76.89,0.92,-1,-1,-1
848,2,258.33,283.60,38.97,76.25,0.91,-1,-1,-1
849,2,259.81,283.94,39.40,76.01,0.91,-1,-1,-1
850,2,263.21,284.16,40.05,75.68,0.93,-1,-1,-1
851,2,266.55,283.58,41.39,76.28,0.93,-1,-1,-1
852,2,270.08,282.48,43.21,77.29,0.94,-1,-1,-1
853,2,276.00,280.95,45.77,78.86,0.95,-1,-1,-1
854,2,282.22,279.14,48.09,80.96,0.96,-1,-1,-1
855,2,284.08,278.44,49.58,81.74,0.95,-1,-1,-1
856,2,291.56,276.54,51.35,83.66,0.95,-1,-1,-1
857,2,299.86,273.76,53.24,86.44,0.95,-1,-1,-1
858,2,308.20,270.47,54.72,89.56,0.94,-1,-1,-1
859,2,316.73,264.48,58.02,95.58,0.93,-1,-1,-1
860,2,319.92,260.83,60.01,99.12,0.92,-1,-1,-1
861,2,321.02,259.42,60.70,100.51,0.92,-1,-1,-1
862,2,324.30,257.75,61.77,102.08,0.91,-1,-1,-1
863,2,329.14,256.71,62.75,103.08,0.92,-1,-1,-1
864,2,335.44,256.31,63.34,103.41,0.91,-1,-1,-1
865,2,347.41,256.45,62.85,103.44,0.93,-1,-1,-1
866,2,358.88,256.27,62.14,103.69,0.85,-1,-1,-1
867,2,363.28,256.28,61.36,103.68,0.85,-1,-1,-1
868,2,370.87,255.43,60.32,104.35,0.94,-1,-1,-1
869,2,378.77,253.73,59.88,106.08,0.89,-1,-1,-1
870,2,384.11,251.89,60.23,108.38,0.92,-1,-1,-1
871,2,391.69,248.99,61.50,111.24,0.91,-1,-1,-1
872,2,399.95,247.58,62.71,112.30,0.95,-1,-1,-1
873,2,402.81,247.07,63.50,112.67,0.94,-1,-1,-1
874,2,408.58,247.03,64.32,112.12,0.91,-1,-1,-1
875,2,413.62,247.30,64.74,111.92,0.95,-1,-1,-1
876,2,418.46,247.66,64.39,111.94,0.96,-1,-1,-1
877,2,429.32,248.38,61.48,111.41,0.66,-1,-1,-1
